0 0 51 0.0016248 2.13648 0.00144078
0 1 91 0.00242543 1.45078 0.00062804
0 2 80 0.00297432 2.1252 0.00105311
0 0 68 0.00334003 1.06772 0.0019128
0 0 52 0.00229336 1.07067 0.000441674
0 0 23 0.00145557 1.64786 0.00117055
0 0 55 0.00323 0.545293 0.000770774
0 2 43 0.000891015 1.67193 0.000855589
0 0 70 0.00192539 2.14001 0.000354821
0 2 73 0.00156556 2.37852 0.000952801
1 1 44 0.00143032 1.56529 0.000107405
1 1 24 0.00109827 0.55556 0.00100019
1 0 98 0.00259747 2.20679 0.00231811
1 0 23 0.001492 1.28621 0.00122194
1 2 63 0.00118278 1.73796 0.00134432
1 2 16 0.00249737 1.22451 4.72892e-05
1 0 37 0.00232606 0.828784 0.000283405
1 1 14 0.00277451 2.12709 0.00123769
1 1 27 0.00311981 1.76834 0.0016412
1 1 0 0.00158263 1.36072 0.00171082
2 0 5 0.00158311 1.64437 0.00151745
2 0 10 0.00364121 1.32731 0.000829156
2 0 90 0.00195876 1.78414 0.00111623
2 1 12 0.002455 0.796101 0.00163243
2 2 9 0.0022108 1.96371 0.00148012
2 2 13 0.00146784 1.2933 0.0011472
2 0 98 0.000795772 1.52183 0.000334418
2 0 35 0.00209362 1.34917 0.00154779
2 1 94 0.00464034 1.82374 0.001731
2 2 99 0.00409266 2.05501 0.00102875
3 0 81 0.00271487 0.856579 0.00117961
3 2 7 0.00108482 0.5 0.000990649
3 2 37 0.00182369 1.12206 0.000832004
3 1 14 0.0021798 0.5 0.000153396
3 1 20 0.0024935 1.6541 0.00204489
3 0 32 0.000573642 1.16591 0.00131832
3 0 15 0.00223605 1.13244 0.00142253
3 2 12 0.00169273 0.870744 0.000244887
3 0 52 0 1.1335 0.00169595
3 1 88 0.00164591 1.64142 0.000885359
4 2 74 0.00201253 1.79921 0.00131238
4 0 72 0.00161413 0.564754 0.000829374
4 1 55 0.000711345 1.32225 0.00139477
4 0 55 0.00301567 1.72376 0.000893385
4 1 22 0.00279796 2.10791 0.000525626
4 1 44 0.000377894 1.97921 0.00125444
4 0 80 0.00236844 1.75122 0.000860314
4 0 36 0.000857233 0.785334 0.000399046
4 0 80 0.00159672 1.12565 0.000931721
4 0 56 0.00369533 1.29613 0.000937051
5 2 40 0.00339554 1.34171 0.000641387
5 2 44 0.000345911 1.11124 0
5 1 31 0.00269401 2.51222 0.00114264
5 2 57 0.00317316 0.5 0.00173153
5 2 27 0.00210361 2.2545 0.000197242
5 1 35 0.00174587 1.57655 0.000798338
5 0 20 0.00112929 1.31337 0.000969308
5 1 82 0.00140845 1.28021 0.000852614
5 2 7 0.00141675 1.86499 0.0014371
5 1 82 0.00162933 2.45887 0.00113922
6 0 60 0.000384236 1.44842 0.00110679
6 0 5 0.00183143 0.728117 0.00135591
6 2 93 0.00232311 1.00407 0.0008493
6 2 30 0.00155778 0.855122 0.000940864
6 0 50 0.00156879 1.78344 0.000757885
6 1 90 0.00289867 1.36006 0.00131349
6 0 17 0.00295915 0.5 0.0010342
6 0 31 0.00271159 2.07184 0.000998955
6 0 61 0.00333427 1.13135 0.000729119
6 0 61 0.000763223 1.90284 0.000919547
7 0 47 0.00283375 0.804803 0.000889271
7 2 99 0.00133491 2.49448 0.0016312
7 2 26 0.00162338 0.889621 0.000898498
7 0 37 0.00143911 2.71506 0.00089483
7 0 97 0.000173837 1.4944 0.000207279
7 2 49 0.00171867 0.5 0.000795236
7 2 71 0.00363194 1.70393 0.000664832
7 1 9 0.00194421 1.91904 0.00115553
7 1 25 0.00471632 1.24181 0.000623214
7 2 39 0.00235409 1.46947 0.00110448
8 1 66 0.00254027 1.83597 0.000702286
8 1 99 0.00252239 1.71943 0.000855686
8 0 39 0.00133332 1.51961 0.00165994
8 0 76 0.00150869 1.18557 0.00034844
8 2 61 0.00186856 1.59978 0.000669603
8 1 22 0.000854455 1.79416 0.00184714
8 2 46 0.00203479 2.2845 0.000988034
8 0 57 0.00383024 1.74568 0.00106921
8 0 7 0.00189769 1.3286 0.00128954
8 2 24 0.00256493 0.5 0.000450361
9 2 23 0.00273922 2.0056 0.000311394
9 2 65 0.00107135 2.09054 0.00113334
9 2 47 0.0031273 2.4211 0.000233598
9 2 38 0.0014034 2.03525 0.00127346
9 1 99 0.00242933 1.05068 0.000842993
9 0 81 0.00378169 1.39812 0.000435642
9 1 39 0.000667715 2.35432 0.0016698
9 0 93 0.000238096 1.30328 0.00104641
9 0 7 0.00196762 1.43094 0.000549115
9 0 65 0.00456703 1.54385 0.00139904
10 1 7 0.000892807 2.15627 0.000934519
10 2 57 0.00307972 2.34055 0.000583762
10 0 45 0.00170961 1.43551 0.00170955
10 1 21 0.00177417 1.50406 0.000588951
10 2 41 0.00175699 1.94974 0.000958618
10 2 79 0.0028336 2.55896 0.000338824
10 2 56 0.00266205 0.868384 0.00202553
10 2 40 0.00164732 2.46376 0.00179514
10 2 57 0.00197594 1.71998 0.00128062
10 0 81 0.00172137 1.60821 0.000954941
11 2 85 0 1.76986 0.00118171
11 0 13 0.00116952 1.84874 0.00163369
11 1 69 0.000196238 1.46535 0.000944582
11 0 87 0.00385815 1.81187 0.000897023
11 0 34 0.00152639 1.60676 0.00143237
11 1 75 0.000872349 1.45708 0.00164954
11 2 82 0.00467677 1.81657 0.0011371
11 0 83 0.00222995 0.693954 0.00168086
11 2 68 0.00400508 2.08337 0.00191696
11 1 1 0.00228118 1.28368 0.000482418
12 0 17 0.00202275 0.85597 0.000781618
12 0 70 0.00340111 1.74173 0.00069611
12 0 92 0.00276374 2.62451 0.00187685
12 0 5 0.00123022 2.68518 0.00177034
12 0 2 0.00213578 2.63546 0.000382715
12 2 78 0.00255334 2.64589 0.000156781
12 1 3 0.00190905 2.01757 0.000862982
12 2 78 0.0032328 0.991757 0.001898
12 1 99 0.00156448 1.08117 0.00103444
12 0 31 0.00227547 1.82856 0.000631456
13 0 46 0.000718 1.80853 0.000604212
13 1 3 0.00270053 0.991741 0.00111981
13 1 85 0.00131614 1.50529 0.00139171
13 2 12 0.00225291 1.13553 0.000312257
13 2 65 0.00137975 1.84833 0.00102181
13 2 59 0.00221217 2.44702 0.000818886
13 1 29 0.00192108 1.84329 0.00118227
13 1 76 0.00356856 1.89181 0.00039791
13 1 75 0.00204508 1.07027 0.000947488
13 2 33 0.000654396 0.997221 0.000470595
14 1 38 0.0026572 1.46359 0.000745133
14 1 22 0.00124777 2.86752 0.00124505
14 2 57 0.00108719 0.645302 0.000980649
14 1 75 0.00268866 0.979526 0.000638843
14 0 37 0.00350551 0.825991 0.00191882
14 2 3 0.00187859 2.77552 0.00054893
14 1 99 0.000608196 1.3575 0.000909471
14 1 21 0.00131612 2.28669 0.000593167
14 1 13 0.00229021 2.55785 0.000984044
14 2 67 0.000186533 1.72991 0.00132182
15 1 63 0.000903612 1.99869 0.00213539
15 2 96 0.00201078 1.91431 0.00112057
15 0 31 0.00291093 1.05556 0.000715764
15 0 51 0.00287524 1.73855 0.00148114
15 0 75 0.00205387 1.89218 0.00123368
15 2 80 0 1.41972 0.000918349
15 1 97 0.00118807 1.31919 0.00160106
15 1 65 0.00174092 1.71224 0.00209351
15 1 60 0.0029482 2.13325 0.000829403
15 1 58 0.00147933 1.18163 0.000931801
16 2 90 0.000295702 1.5074 0.00137099
16 1 22 0.000928388 1.43069 0.00118376
16 1 74 0.00308908 1.68229 0.00120508
16 1 24 0.00194148 1.49779 0.000836414
16 0 63 0.00160727 1.2841 0.000384984
16 2 61 0.00301615 2.64942 0.00125063
16 2 37 0.00173985 2.34165 0.000128153
16 2 62 0.00264494 0.747043 0.00124895
16 2 6 0.00238817 1.55709 0.00165302
16 1 12 0.00138773 1.89752 0.00139679
17 1 37 0.00140463 1.57358 0.000466005
17 2 36 0.00369793 1.43345 0.00161613
17 1 54 0.00409195 1.2728 0.00056
17 2 77 0.000758757 2.38179 0.000823571
17 2 96 0 2.30029 0.000525158
17 0 85 0.00303886 1.38571 0.000767878
17 0 95 0.0010618 0.5 0.00126931
17 2 80 0.00105351 0.5 0.000700134
17 2 52 0 1.31033 0.000747054
17 2 35 0.00259027 0.978615 0.00120909
18 2 90 0.0015188 1.29266 0.0015255
18 1 28 0.00163387 0.531712 0.000923835
18 1 83 0.00243262 1.72122 0.000894021
18 1 93 0.00118008 1.27777 0.000761223
18 1 29 0.00217535 1.68544 0.000617099
18 2 63 0.00186725 2.48698 0.000427808
18 0 98 0.00176462 1.69934 0.00143504
18 1 53 0.00344331 0.697585 0.00121613
18 1 32 0.00100596 1.48289 0.00128473
18 2 9 0.00309475 2.23199 0.000798514
19 2 83 0.00332569 1.4004 0.000651292
19 1 15 0.000881116 0.98237 0.00182406
19 0 92 0.00245877 0.5 0.00188393
19 1 76 0.0015862 0.689293 0.00129374
19 1 91 0.000952914 2.0636 0.00175851
19 2 85 0.0022874 1.07601 0.00175398
19 0 88 0.00275118 2.3919 0.000387129
19 0 25 0.00165733 0.792142 0.00179138
19 2 49 0.00212038 2.16991 0.000905665
19 2 57 0.00167565 1.41225 0.000654621
20 0 51 0.00199718 1.49913 0.00130907
20 2 95 0.00218032 1.41167 0.000484209
20 0 62 0.0015664 2.10307 0.00138808
20 1 45 0.00275077 0.697052 0.000471613
20 1 91 0.000734203 0.773464 0.000305645
20 2 98 0.00173337 0.5 0.000741733
20 2 31 0.00116302 1.87373 0.00215547
20 0 53 0.00232859 0.768369 0.00197438
20 1 85 0.0022161 0.871976 0.000779962
20 1 41 0.00149258 2.88547 0.000289666
21 0 78 0.00155801 1.49407 0.00125449
21 1 65 0.00302438 1.84378 0.000991709
21 2 20 0.00336013 3.05871 0.0018506
21 1 90 0.0015573 2.11237 0.000989022
21 1 53 0.000760348 2.24084 0.000564362
21 2 34 0.00345709 0.941349 0.00113123
21 2 61 0.00155058 1.26372 0.00020785
21 2 52 0.00258558 2.32088 0.00159682
21 2 22 0.00208917 0.89798 0.000656087
21 1 95 0.00236021 2.43159 0.000507183
22 2 9 0.00327544 1.17087 0.00133019
22 0 29 0.00267856 1.10088 0.000944677
22 2 30 0.00287372 2.3482 0.000372517
22 2 83 0.00261001 2.30041 0.00125419
22 0 77 0.00561459 1.98122 0.0010821
22 0 60 0.000249962 1.30928 0.000462776
22 2 59 0.00158813 1.17766 0.00142911
22 0 23 0.00197506 2.65301 0.000178875
22 0 57 0.00200951 1.20025 0.000283694
22 0 70 0.00235021 1.35851 0.00149362
23 1 15 0.00289645 0.73271 0.000183998
23 2 93 0.00181684 1.19865 0.00137334
23 0 36 0.00285883 1.89764 0.000923801
23 0 48 0.00167814 1.4193 0.000395478
23 2 66 0.00203815 2.18163 0.00178827
23 1 2 0 0.802632 0.000891016
23 1 28 0.000788307 0.782892 0.00134921
23 0 20 0.00186989 0.5 0.00124983
23 2 16 0.00261438 1.33851 0.000764148
23 2 86 0.000843814 1.6704 0.000577482
24 1 36 0.00110395 1.97683 0.000814913
24 0 69 0.00140848 1.24737 0.000457464
24 1 46 0.00141954 1.52471 0.000586091
24 1 14 0.00106705 0.812763 0.00050687
24 2 95 0.00176666 1.6904 0.00128028
24 0 92 0.00332204 1.95318 0.00113907
24 1 14 0.00189239 1.40573 0.000812528
24 1 47 0.00291614 1.75095 0.00131921
24 1 71 0.000956663 2.93015 0.000677016
24 2 44 0.00200122 1.55973 0.000722429
25 1 41 0.00234182 1.23407 0.00147064
25 2 61 0.000782281 1.46065 0.00198272
25 2 2 0.00232202 1.48746 0
25 1 41 0.00141747 1.41314 0.00170727
25 1 74 0.00215067 2.25633 0.00142208
25 0 66 0.00157914 0.87789 0.000760577
25 1 26 0.0015331 0.5 0.00129616
25 1 23 0.0021355 1.03192 0.000783267
25 2 51 0.00180827 1.66466 0.000923254
25 1 23 0.00320354 1.48919 0.000619869
26 1 67 0.00379367 0.947211 0.00109271
26 2 99 0.00475247 1.85043 0.00174143
26 1 86 0.00129382 1.02145 0.000311544
26 1 78 0.00264037 1.04933 0.000855972
26 1 56 0.00189652 1.40239 0.0015665
26 1 35 0.00179289 2.10045 0.000659767
26 0 54 0.00179646 1.62501 0.000969573
26 0 42 0.00156779 0.599105 0.00160681
26 1 1 0.00146881 0.792781 0.00107725
26 1 12 0.00263738 1.14326 0.0012873
27 2 15 0.00026326 1.12628 0.00103259
27 1 79 0.00387269 1.59586 0.00159521
27 1 4 0.000665695 2.02723 0.000652069
27 2 64 0.000839238 1.9537 0.000672798
27 1 29 0.00197453 0.5 0.000739744
27 1 57 0.00187903 1.22121 0.000660821
27 0 95 0.00272432 2.02176 0.00146183
27 0 34 0.00195187 1.58468 0.00187655
27 2 98 0.00121275 1.80907 0.000565273
27 2 44 0.00203366 1.00724 0.00126468
28 2 39 0 1.34378 0.000857497
28 1 37 0.00180984 1.79845 0.00149872
28 1 48 0.00160408 1.31892 0.00110581
28 2 49 0.00172865 1.877 0.00192534
28 0 9 0.00298582 1.93509 0.00124695
28 0 1 0.00275003 1.68967 0.000930034
28 1 81 0.00297007 0.889431 0.000975042
28 0 47 0.00249152 1.33479 0.000486012
28 1 77 0.000799372 1.05351 0.00132892
28 2 71 0.00192141 1.7558 0.00145473
29 0 71 0.00113654 2.299 0.000328715
29 0 22 0.00325162 1.27637 0.000718898
29 0 63 0.00405066 1.54947 0
29 0 84 0.00233432 1.02947 0.000865627
29 0 34 0.00318909 1.95239 0.000429484
29 2 81 0.00323237 1.05441 0.000472072
29 1 37 0.00168792 1.57249 0.00046449
29 0 18 0.00154451 0.938613 0.00199632
29 2 27 0.00284209 0.88513 0.00183031
29 0 69 0.000812841 1.64336 0.000551844
30 2 76 0.00130585 1.66953 0.000685661
30 0 89 0.000936427 1.14107 0.00122851
30 0 47 0.00184497 2.23435 0.000636701
30 2 9 0.00255023 0.52068 0.00116137
30 0 98 0.00273704 1.1112 0.000921843
30 1 64 0.00125758 1.93087 0.00114378
30 2 74 0.00164435 1.90596 0.000634163
30 0 92 0.00280483 2.64449 0.0013043
30 0 86 0.00236997 1.37852 0.000702095
30 2 38 0.00124646 2.24956 0.00148495
31 2 27 0.00232746 0.723857 0.000849466
31 0 94 0.0010782 1.45019 0.000970842
31 2 6 0.00271435 1.4594 0.000178264
31 1 86 0.00157111 2.32143 0.000745994
31 0 3 0.0015869 1.25965 0.0011597
31 2 90 0.00236151 1.11828 0.0012656
31 1 95 0.00196586 2.00126 0.00186954
31 1 59 0.000992607 1.82001 0.00161954
31 0 6 0.00142663 1.03246 0.00143235
31 0 86 0.00280432 2.16959 0.00142895
32 1 72 0.0024299 0.720314 0.00161446
32 1 62 0.00176635 2.49507 0.000874728
32 1 83 0.00311991 1.55616 0.00103321
32 2 27 0.00148693 1.50731 0.00119237
32 1 64 0 1.93907 0
32 2 48 0.00104773 1.49284 0.00052358
32 0 47 0.00208121 1.94725 0.0013342
32 0 77 0.00174854 2.12857 0.000939051
32 1 13 0.00139375 1.73805 0.00120296
32 1 22 0.00210517 2.22274 0.000917054
33 0 70 0.00289932 0.541335 0.00101107
33 0 56 0.0029953 1.81918 0.000690344
33 2 41 0.00268205 0.759922 0.000195133
33 2 10 0.00219621 0.977257 0.00129401
33 1 64 0.00153028 1.64283 0.000624848
33 2 48 0.00218316 1.66962 0.00149679
33 1 4 0.00208954 1.57589 0.00123111
33 0 63 0.00134098 1.79921 0.000515322
33 2 80 0.00303695 0.785678 0.0013255
33 1 36 0.00200066 1.07122 0.00141477
34 1 22 0.00290168 1.77548 0.000928252
34 1 49 0.00235034 1.35162 6.46236e-05
34 1 70 0.00302132 1.73235 0.000853378
34 2 68 0.00132849 2.25386 0.000820786
34 0 89 0.000376459 1.25255 0.00130025
34 0 26 0.000304544 1.8907 0.00120254
34 0 94 0.00117907 2.15824 0.00188969
34 2 30 0.00127847 1.72822 0.000892312
34 1 56 0.00266465 1.94507 0.00103288
34 1 37 0.00179295 0.657755 0.00100435
35 0 30 0.00121149 1.85825 0.00037446
35 2 95 0.00177635 1.72821 0.00144435
35 2 95 0.00260907 1.61552 0.00129582
35 2 34 0.00253323 0.983192 0.000904926
35 1 54 0.00102802 1.17266 0.00074898
35 1 34 0.00191077 1.32084 0.000543148
35 2 74 0.00242917 1.13557 0.000437255
35 1 67 0.00336796 1.51948 0.00145434
35 1 97 0.00218281 2.336 0.00183091
35 0 56 0.00223495 0.742608 0.000315875
36 0 18 0.00256574 0.789088 0.00139356
36 1 89 0.00340538 1.07655 0.000891852
36 1 91 0.00100233 1.25096 0.000927172
36 0 83 0.00236659 1.41997 0.00119152
36 2 89 0.00151213 1.09333 0.0015415
36 1 95 0.00196961 1.61607 0.00109281
36 0 63 0.00283149 1.97673 0.000815871
36 0 35 0.00184075 0.5 0.0015204
36 0 10 0.000782316 1.54948 0.00133714
36 2 53 0.00132451 2.1168 0.00173003
37 0 85 0.00257982 1.70457 0
37 2 70 0.00309315 0.970622 0.00173705
37 0 58 0.00204702 1.92458 0.000548257
37 1 35 0.000811612 1.80306 0.00135311
37 0 86 0.00309539 2.02596 0.00103432
37 2 7 0.0017028 2.60234 0.00134985
37 1 23 0.00209727 0.936907 0.000599303
37 2 8 0.002709 1.45329 0.00036807
37 1 16 0.00264322 2.25216 0.000230404
37 1 53 0.00396107 2.10386 0
38 2 1 0.00102053 2.16986 0.00152679
38 0 80 0.000878842 1.24874 0.00208452
38 1 32 0.00322407 2.28584 0.000721667
38 1 68 0.0016887 1.59807 0.000977376
38 1 56 0.00285445 1.60345 0.00101364
38 2 14 0.00270955 1.75989 0.00114482
38 1 68 0.00256049 2.03625 0.00142608
38 1 17 0.000104724 1.53698 0.000967196
38 0 85 0.00179649 1.60005 0.00115687
38 0 32 0.000779028 1.95807 0.000879281
39 2 88 0.00187827 2.04454 0.000739984
39 1 14 0.0031094 2.46211 0.000671836
39 2 5 0.00306982 2.00823 0.00132595
39 1 72 0 1.08943 0.00104086
39 0 15 0.00340527 1.8943 0.00110164
39 2 72 0.00271358 1.86603 0.00133128
39 1 29 0.00253568 0.996343 0.0013391
39 0 14 0.00225191 1.21391 0.00136612
39 2 76 0.00204239 1.25565 0.000193361
39 0 6 0.00213704 2.20702 0.000982491
40 0 8 0.00121757 2.11359 0.00180096
40 0 54 0.00134106 0.90016 0.00158626
40 2 66 0 1.06722 0.000878952
40 2 93 0.000317996 2.50883 0.00101029
40 0 26 0.00278211 1.34948 0.000877986
40 2 25 0.00333868 1.31376 0.000681158
40 0 85 0.00279289 0.998329 0.00160862
40 1 16 0.00144088 2.51191 0.000111551
40 2 35 0.000437208 1.67301 0.00130884
40 2 38 0.00277437 0.940194 0.000992191
41 2 8 0.00234811 0.5 0.000407149
41 1 43 0.00172176 0.958306 0.000393366
41 2 30 0.00318867 1.35557 9.33204e-05
41 0 84 0.000201016 1.1857 0.000307506
41 1 0 0.00136208 0.798086 0.001986
41 0 16 0.00169838 1.70648 0.00158713
41 2 1 0.00179581 1.60185 0.000489617
41 1 86 0.00198721 0.5 0.000634062
41 0 36 0.000544976 1.47597 0.00116706
41 1 46 0.00210703 1.68113 0.00156713
42 2 36 0.00231835 2.79512 0.000219504
42 2 55 0.00134077 0.879647 0.000971747
42 1 73 0 1.05661 0.00134791
42 0 79 0.0011722 0.931477 0.00104845
42 0 19 0.00138555 1.55098 0.000513131
42 1 90 0.00207673 0.5 0.00188677
42 2 6 0.00315289 0.915528 0
42 1 97 0.00258131 1.56964 0.00125264
42 2 99 0.000352612 1.29876 0.0007124
42 0 65 0.00267484 1.26058 0.00188988
43 1 30 0.00214444 1.73065 0.00152339
43 1 83 0.00131136 0.5 0.000879465
43 1 98 0.00184516 1.80836 0.0016742
43 1 56 0.00485383 1.02085 0
43 1 56 0.00135757 1.06572 0.000518231
43 1 56 0.00255726 1.74188 0.00086021
43 0 73 0.00205056 2.0478 0.00028799
43 1 94 0.00212251 1.46185 0.000939811
43 0 84 0.0010167 1.31556 0.000270967
43 0 46 0.00178277 1.60539 0.000898121
44 0 92 0.0015145 0.909133 0.000930689
44 0 30 0.00304066 2.23778 0
44 0 95 0.00316285 2.50882 0.00062102
44 2 27 0.00148612 1.84311 0.000316526
44 2 30 0.00100608 2.2053 0.000941989
44 0 48 0.000528673 2.5921 0.00117371
44 0 76 0.00174381 1.69907 0.00133047
44 1 34 0.00158032 1.84906 0.000977331
44 0 88 0.00275562 0.5 0.00123053
44 1 71 0.00213166 2.83655 0.00116184
45 1 36 0.000722124 1.78941 0.000280373
45 0 63 0.00157818 0.5 0.00115223
45 0 87 0.00205158 2.0159 0.000209391
45 0 33 0.00189785 0.5 0.00199086
45 2 76 0.00116971 1.44509 0.00153022
45 0 50 0.00288289 1.34871 0.00134405
45 1 1 0.00224275 0.5 0.00209443
45 1 12 0.00161929 1.37893 0.000147118
45 1 87 0.00233251 1.49835 0.00104352
45 1 6 0.00167653 1.69792 0.000457346
46 0 27 0.000840938 1.74423 0.000942959
46 2 27 0.00307613 1.62718 0.00128637
46 2 53 0.00458362 1.64516 0.0015743
46 2 35 0.00124395 1.73001 0.000792874
46 1 67 0.00324065 1.60031 0.00182522
46 0 9 0.00227456 0.757806 0.00140475
46 1 80 0.00261459 1.64362 0.000985869
46 1 14 0.00207577 1.47071 0.00103988
46 1 79 0.00157764 1.13127 0.000535985
46 2 13 0.00229536 1.19712 0.00148399
47 1 55 0 1.79088 0.000524616
47 1 15 0.00107658 2.32875 0.00116446
47 0 27 0.0034398 2.13186 0.000304169
47 2 17 0.0013293 0.744503 0.00119916
47 2 41 0.000740905 0.966772 0.00200634
47 1 71 0.00146679 1.17146 0.000905122
47 1 73 0.00130546 1.90267 0.000853182
47 0 52 0.0013099 2.08178 0.000854504
47 2 9 0.0018565 1.36574 0.000863922
47 0 32 0.00175952 2.246 0.000724095
48 1 73 0.0021332 0.5 0.000451283
48 0 23 0.0030464 1.23964 0.00123842
48 1 14 0.00133584 1.62312 0.00108116
48 0 45 0.0021598 0.804666 0.000587788
48 1 76 0.00441437 0.943728 0.00093888
48 1 24 0.00328978 1.28097 0.000947925
48 2 69 0.00221131 2.34206 0.00167902
48 2 14 0.00271475 0.723082 0.000804421
48 2 47 0.00202859 1.59219 0.00135271
48 1 40 0.00110441 1.34868 0
49 1 96 0.00196531 0.982678 0.00103931
49 0 75 0.00140392 1.18817 0.000839569
49 2 8 0.00206987 1.66943 0.000904839
49 2 73 0.00235971 1.51787 0.000764338
49 2 41 0.00419703 0.5 0.00115927
49 1 50 0.000780579 1.36374 0.00115419
49 0 62 0.0038373 1.89451 0.000339072
49 1 98 0.00329649 1.84543 0.00160196
49 0 59 0.00249923 1.64411 0.00175304
49 2 54 0.00234079 0.975614 0.000927981
50 2 38 0.0025179 1.49345 0.000840784
50 2 82 0.00201171 0.811297 0.00118869
50 2 1 0.00369363 0.5 0.00106386
50 1 0 0.00261314 1.10337 0.000937286
50 2 97 0.00213808 1.12491 0.000910908
50 0 56 0.00261694 1.42908 0
50 1 86 0.00344002 1.63605 0.000520627
50 2 35 0.00166956 1.49385 0.000940278
50 1 49 6.40909e-05 1.76355 0.000632812
50 2 14 0.00238751 1.71472 0.001204
51 0 55 0.00353717 1.40662 0.00196638
51 0 73 0.00433536 1.68565 0.000527463
51 2 24 0.00147684 1.99358 0.00120699
51 1 16 0.00384666 1.54176 0.000820101
51 1 23 0.00223229 2.23032 4.12124e-05
51 0 44 0.00230123 1.54339 0.00105924
51 2 41 0.00279997 0.5 0.000500025
51 1 22 0.00107472 1.6296 0.00135964
51 1 44 0.00342989 0.903382 0.00165162
51 1 90 0.00143761 1.00571 4.74574e-05
52 1 56 0.00166293 1.8964 0.00152083
52 2 2 0.000531916 0.5 0.0013257
52 1 38 0.000971497 0.679955 0.000850903
52 1 58 0.0020664 0.905256 0.00127269
52 1 15 0.0019716 1.65913 0.000771471
52 0 75 0.00211301 1.08638 0.00106934
52 1 37 0.00299575 2.60331 0.00125374
52 1 50 0.00216523 0.519669 0.000358113
52 2 68 0 1.14754 0.000736306
52 1 22 0.00229727 2.54682 0.00172807
53 0 36 0.00143619 1.6526 0.000559653
53 0 61 0.0017624 1.69494 0.00115392
53 2 89 0.00154692 1.56184 0.00114614
53 2 81 0.00082034 0.822856 0.00169502
53 1 10 0.0028673 2.30622 0.00164758
53 2 31 0.000704116 2.25491 0.00195644
53 1 30 0.00150835 0.797874 0.00102818
53 1 52 0.00058023 1.48448 0.000926643
53 0 85 0.00187325 1.77725 0.00057425
53 2 38 0.00316156 1.5646 0.00127103
54 1 40 0.00111841 0.5 0.00103541
54 1 47 0.00236446 1.52237 0.000608515
54 1 77 0.00210355 0.783781 0.00132156
54 1 90 0.00140987 1.7117 0.000593741
54 0 64 0.00180908 1.2633 0.000637112
54 0 5 0.00164526 2.20174 0.000283778
54 0 99 0.00268099 1.6277 0.00123167
54 0 46 0.00159366 2.02043 0.00118959
54 2 89 0.00307419 1.6212 0.00158515
54 2 45 0.00158407 1.69053 0.000783075
55 0 94 0.00153154 1.59473 0.00105609
55 2 27 0.00128598 2.57096 0.00133737
55 2 21 0.00289842 1.41839 0.00040878
55 0 13 0.00413582 2.74576 0.00148433
55 1 15 0.000697027 2.00255 0.000594228
55 2 91 0.00375878 1.2946 0.00119347
55 0 91 0.0020817 2.47835 0.00024329
55 1 28 0.00121263 2.36569 0.00158096
55 1 22 0.000978128 2.42787 0.000740135
55 0 48 0.000746305 1.07529 0.00195412
56 1 9 0.00221919 2.1823 0.000998976
56 2 7 0.00281245 1.26663 0
56 1 18 0.00324074 1.53796 0.00124316
56 0 20 0.00213774 1.70677 0.00144644
56 1 33 0.00337535 2.49022 0.00110554
56 2 74 0.00250474 1.11937 0.00107076
56 1 64 0.0023202 2.34701 0
56 2 74 0.00164834 1.75262 0.000674704
56 0 98 0.00176653 1.87106 0.00199936
56 0 5 0.00235475 0.99282 0.00133265
57 0 6 0.00280737 1.24312 0.00118252
57 2 67 0.00368914 1.96372 0.00118552
57 0 80 0.000873702 0.881155 0.00128741
57 0 93 0.00253127 1.77481 0.000303699
57 2 12 0.00327789 0.5 0.000972409
57 0 45 0.000431051 1.14292 0.00138873
57 0 83 0.00106698 1.73782 0.00141017
57 2 67 0.00256166 1.63889 0.00119041
57 1 94 0.00244915 2.20233 0.000771546
57 2 58 0.00374427 0.5 0.00197402
58 2 95 0.00088072 1.76713 0.0014693
58 0 81 0.00271781 1.5327 0.000699853
58 2 86 0.000488792 1.78105 0.00143905
58 1 6 0.000983603 1.87219 0.000936075
58 1 25 0.00349739 1.85637 0.000603381
58 2 41 0.00163003 1.89689 0.00143378
58 2 50 0.00176494 1.49468 0.000466381
58 2 52 0.00177822 2.49753 0.00119232
58 1 20 0.00022138 0.629118 0.000783482
58 0 71 0.000689784 2.41664 6.30594e-05
59 2 28 0.00137472 1.47123 0.00177574
59 0 80 0.00303531 0.5 0.000382179
59 1 38 0.00361228 1.04976 0.000771772
59 0 28 0.00284598 1.20106 0.000904632
59 2 93 0.00323853 2.01557 0.00104726
59 2 40 0.00356893 0.564676 0.00157985
59 2 22 0.00387063 1.97527 0.0018988
59 0 82 0.00201994 1.17241 0.00218933
59 0 22 0.000831858 1.40236 0.00148108
59 2 58 0.00246643 0.770823 0.000269496
60 2 65 0.000760889 1.24781 0.00115496
60 1 8 0 1.77946 0.000924467
60 1 12 0.00195244 1.06655 0.000770292
60 0 46 0.00149527 2.09779 0.000948158
60 1 38 0.00124854 2.12453 0.00151758
60 1 27 0.00250559 2.0638 0.00101284
60 0 59 0.00114055 1.55501 0.00105702
60 1 89 0.00315888 2.23954 0.000487473
60 2 40 0.00245244 0.912719 0.000690923
60 2 59 0.00111597 1.13424 0.00116642
61 0 47 0.00179767 1.90833 0.000794629
61 0 92 0.000816123 1.74568 0.00102123
61 2 52 0.0021088 0.537638 0.00196753
61 0 78 0.00270546 0.747582 0.000633051
61 2 99 0.00207059 0.932056 0.00172005
61 1 32 0.0031329 1.89374 0.00109657
61 0 15 0.00127912 1.52408 0.000696857
61 2 75 0.00206376 1.23088 0.00125922
61 0 71 0 1.40381 0.000103534
61 1 86 0.00316428 2.11014 0.00147703
62 0 0 0.00242843 2.03799 0.00123977
62 0 14 0.00212536 1.40425 0.000582415
62 0 66 0.000421045 2.05115 0.00169264
62 2 70 0.0013446 1.0582 0.000729561
62 2 20 0.00276228 1.91893 0.000891561
62 2 43 0 1.36497 0.00146968
62 1 84 0.00342434 1.21041 0.00068258
62 2 31 0.00189008 2.07913 0.00147752
62 1 17 0.00345298 0.893685 0.00118717
62 0 83 0.00287648 1.30018 0
63 2 47 0.00429994 1.14103 0
63 0 52 0.00320019 1.35169 0.00140644
63 0 26 0.00162404 2.32218 0.000965274
63 0 39 0.00282587 1.2973 0.000759725
63 2 68 0.0018657 1.90219 0.00107238
63 1 73 0.00122632 1.25991 0.000356648
63 0 24 0.00145325 1.29305 0.000656082
63 2 37 0.000891119 0.950917 0.000701703
63 0 49 0.00227833 1.76515 0.00170462
63 0 20 0.00402095 1.30794 0.00178788
64 2 0 0.001391 0.564297 0.00207736
64 2 13 0.00349767 1.05493 0.00117687
64 1 68 0.00160651 1.47298 0.000583744
64 0 60 0.00261607 1.9935 0.00069229
64 2 10 0.0013844 0.69359 0.000556268
64 1 10 0.00107684 0.692102 0.00115312
64 2 11 0.00157923 1.22517 0.000920625
64 2 53 5.09607e-05 0.829758 0.000837982
64 2 60 0.00132488 0.5 0.00149672
64 2 41 0.000797509 0.5 4.90626e-05
65 1 41 0.00232958 2.37823 0.00132054
65 2 49 0.00124408 1.50937 0.000778312
65 1 42 0.00107713 1.80575 0.00205636
65 0 61 0.0014546 0.855201 0.000769371
65 1 34 0.00130972 2.23215 0.00145191
65 1 7 0.00294776 1.71757 0.000536311
65 2 51 0.00217128 0.845178 0.00159135
65 1 93 0.00234004 0.962613 0.000967027
65 2 42 0.00311666 1.69068 0.00066152
65 0 21 0.00249762 2.73689 0.00123408
66 0 15 0.00323308 2.08644 0.000354415
66 0 37 0.000330493 1.7559 0.00122349
66 1 48 0.00164633 2.09598 0.000517046
66 1 76 0.000536543 1.64626 0.000355285
66 2 0 0.00194582 2.22527 0.000360098
66 1 93 0.00124429 1.163 0.000866842
66 1 99 0.0027987 1.10568 0.00121234
66 2 38 0.00172789 1.80338 0.00143878
66 2 94 0.00125014 1.8039 0.000809404
66 2 9 0.00184806 2.36037 0.000906142
67 0 53 0.00312164 0.915952 0.000220326
67 2 45 0.00286417 1.89756 0.0016721
67 0 48 8.78045e-05 1.73298 0.00147587
67 0 23 0.00137774 1.27433 0.00143327
67 1 75 0.00214261 1.6038 0.00136527
67 2 52 0.00354361 1.45811 0.000603736
67 2 47 0.00330766 1.35871 0.00172084
67 0 44 0.00245208 1.69961 0.00233373
67 0 11 0.00184164 0.620801 0
67 0 83 0.00466176 0.797649 0.000896792
68 1 13 0.00207862 1.90572 0.00110535
68 1 85 0.00149045 1.76296 0.000863493
68 2 92 0.00252365 1.43048 0.00101219
68 1 44 0.00196425 0.739876 0.000954063
68 0 39 0.00260357 1.25903 0.00100746
68 2 38 0.00363519 1.07936 0.000552746
68 2 16 0 1.78067 0.000932255
68 0 54 0.00229729 1.41042 0.00230367
68 0 77 0.00282433 0.5 0.000448233
68 1 76 0.00124348 0.5 0.00105199
69 1 71 0.0034619 1.54175 0.000928238
69 2 76 0.00443995 1.78491 0
69 2 96 0.00214039 1.80849 0.00129847
69 0 77 0.000494871 3.04378 0.00168636
69 2 54 0.00144082 2.59767 0.00118538
69 0 36 0.00210258 1.17764 0.00104171
69 2 39 0.00304579 1.5494 0.00186289
69 0 71 0.00113236 0.797063 0.000929359
69 1 27 0.00147511 1.4232 0.000990824
69 0 90 0.00173529 0.765043 0.000931578
70 0 58 0.00108179 1.63544 0.00208497
70 0 20 0.00172556 1.20112 0.00227369
70 2 21 0.00183737 1.26556 0.000342364
70 1 65 0.00254745 1.278 0.00147279
70 2 28 0.00232012 2.38588 0.00110188
70 0 8 0.000260439 1.05429 0.00113567
70 1 78 0.00144287 1.21703 0.000490763
70 2 49 0.00132515 0.5 3.87617e-05
70 0 94 6.04188e-05 0.860717 0.000984357
70 2 99 0.00172926 1.59233 0.00145477
71 1 48 0.000901128 2.25945 0.000770387
71 1 64 0.00152007 0.900274 0.00139123
71 0 37 0.00120763 1.90915 0.00110083
71 0 96 0.00288246 0.619268 0.000266626
71 2 4 0.00195704 1.90494 0.000552947
71 1 46 0.0023605 0.516775 0.00118371
71 0 58 0.00266317 1.46853 0.00108123
71 2 67 0.00148762 1.71751 0.00112953
71 1 50 0.00287835 1.69431 0.000394008
71 0 30 0.00119091 1.87521 0.00193048
72 1 3 0.00190291 2.59216 0.000480548
72 2 98 0.00192313 1.59589 0.000712593
72 0 68 0.000331544 0.993879 0.00221456
72 1 50 0.00187895 1.65379 0.000838314
72 1 57 0.00176704 1.28302 0.00115174
72 0 19 0.00357998 1.85658 0.000950773
72 2 68 0.00120593 1.83321 0.00136085
72 1 55 0.00105948 0.864201 0.000853682
72 2 87 0.00176034 1.944 0.00138711
72 1 17 0.00260919 1.37742 0.00181855
73 2 62 0.00354151 1.57398 0.000495612
73 0 89 0.00133958 2.14738 0.000407692
73 0 1 0.00193361 2.36346 0.000813803
73 1 37 0.00333478 2.46806 0.00132052
73 1 56 0.00183909 1.2738 0.00131495
73 0 94 0.00343786 2.98917 0.000212697
73 1 54 0.0025509 2.55372 0.000563029
73 0 62 0.00218915 2.45736 0.00111096
73 0 48 0.00288638 2.16671 0.000890062
73 0 38 0.00261629 1.11707 0.00090491
74 1 1 0.00339595 2.03995 0.00149646
74 1 0 0.00240447 2.16516 0
74 2 6 0.00215329 2.01765 0.000946809
74 1 56 0.00224341 2.16215 0.000729529
74 1 26 0.00239508 1.37671 0.00113893
74 0 93 0 0.782914 0.00112663
74 1 21 0.00218936 0.809125 0.00183756
74 1 91 0.0027721 1.90809 0.000368072
74 1 45 0.00178891 1.07639 0.000726779
74 2 16 0.00328727 1.29112 0.00103085
75 0 64 0.00119873 1.66871 0.00109351
75 1 22 0.00215296 2.01704 0.000389874
75 2 44 0.00132917 1.41254 0.00106225
75 0 18 0.00161433 1.81948 0.0014473
75 0 24 0.00197404 1.23041 0.00123708
75 2 40 0.00329478 0.592871 0.00134346
75 1 58 0.00330308 1.07422 0.00144664
75 2 94 0.00109189 0.511786 0.00079577
75 2 94 0.00197449 1.62039 0.00121377
75 1 88 0.00191746 2.07631 0.000868847
76 0 66 0.0008238 2.1834 0.00176061
76 0 53 0.00246539 0.5 0.0013516
76 0 22 0.00378529 1.67463 0.000226047
76 1 2 0.00254512 0.999315 0.000714525
76 0 53 0.000795926 0.704365 0.00176743
76 0 21 0.000941302 1.15158 0.00109675
76 1 31 0 0.616763 0.000866231
76 2 33 0.00136741 1.54517 0.00127739
76 0 81 0.00288316 1.24501 0.000557012
76 2 51 0.00134714 2.5644 0.00107333
77 0 87 0.000485907 1.55524 0.00157622
77 2 20 0.00152986 1.43753 0.000740357
77 2 13 0.00342318 1.49177 0.000424674
77 2 55 0.000265995 2.1528 0.00155452
77 2 50 0.00214163 1.77242 0.00141203
77 1 16 0.00313478 1.65099 0.00103509
77 1 8 0.00411428 1.75764 0.00157566
77 0 78 0.00171702 0.965869 0.000621539
77 1 33 0.00287977 1.67379 0.000468485
77 0 4 0.00331931 1.36796 0.000112483
78 1 5 0.000278128 1.17439 0.000612305
78 2 45 0.000891612 1.45161 0.00134825
78 2 47 0.00257788 0.5 0.00164957
78 1 26 0.00385729 2.50656 0.000241989
78 0 74 0.00305005 0.575567 0.0005243
78 0 86 0.000779162 1.76331 0.000973609
78 2 12 0.0016314 1.05005 0.00153367
78 0 60 0.00263301 1.31573 0.000883809
78 1 49 0.00349621 1.13912 0.00114055
78 2 85 0.0018107 1.29371 0.00115971
79 1 8 0.00165469 2.41164 0.00119438
79 1 94 0.00184268 1.93816 0.00125579
79 1 8 0.00245811 2.30515 0.00101701
79 1 39 0.00159458 1.66005 0.0010913
79 1 74 0.00401719 0.688639 0.00121235
79 2 12 0.00220148 1.14866 0.000816452
79 0 99 0.00174873 0.938189 0.000162718
79 2 55 0.001627 1.93249 0.00120185
79 1 26 0.00131519 1.3067 0.00147907
79 2 55 0.00039075 1.26042 5.92449e-05
80 2 13 0.0034623 0.5 0.000316686
80 2 29 0.00134587 1.70547 0.000888783
80 0 77 0.00166799 0.819337 0.000406246
80 1 36 0.00116092 1.77356 0.00112973
80 0 2 0.00320977 1.19116 0.00144523
80 0 95 0 0.930049 0.00110758
80 1 35 0.00166974 1.37146 0.0018844
80 2 77 0.000881004 1.59626 0.00155456
80 0 35 0.00179523 1.40838 0.000931937
80 0 99 0.00048153 0.555472 0.00070165
81 1 27 0.00133391 1.63216 0.000747712
81 2 20 0.000606699 2.26177 0.00123804
81 0 65 0.00182747 2.23746 0.00143167
81 0 78 0.00319128 1.05535 0.00185429
81 1 40 0.00189809 0.826848 0.000965796
81 1 79 0.00209664 1.51668 0.001225
81 2 42 0.00308722 0.581084 0.00134891
81 0 89 0.00107571 0.953391 0.00146823
81 1 32 0.00366793 2.15069 0.00026057
81 1 35 0.0012737 0.89659 0.00114027
82 0 20 0.00227851 0.50965 0.00101126
82 1 18 0.00261456 1.29426 0.000418976
82 2 19 0.00157195 1.46498 0.00161258
82 2 70 0.00301846 1.10735 0.000947418
82 0 21 0.00227123 1.23842 0.00146029
82 0 70 0.000816154 1.06666 0.00224558
82 2 42 0.00196722 1.22728 0.00139705
82 0 8 0.00152153 0.5 0.00142891
82 1 96 0.00192858 1.45801 0.00153677
82 1 39 0.00289102 2.07288 0.000927774
83 2 64 0.00226436 0.827722 0.000624618
83 1 41 0.00249644 1.74988 0.000403821
83 0 42 0.00205881 2.11061 0.000750959
83 1 16 0.00094291 2.05444 0.00122912
83 1 61 0.00283591 2.40143 0
83 2 3 0.00174525 1.3354 0.00052449
83 0 84 0.00322506 1.7456 0.000189642
83 2 86 0.000744051 1.57549 0.000674474
83 0 10 0.00295007 1.34092 0.000155599
83 2 38 0.00230948 0.58362 0.000637583
84 2 65 0.00390201 1.56058 0.00109907
84 2 0 0.00169107 1.90262 0.000702606
84 0 52 0 0.516769 0.00106112
84 0 4 0.00154889 1.13013 0.000883753
84 2 69 0.00435373 0.5 0.000840743
84 2 12 0.0024658 1.57225 4.93262e-05
84 0 57 0.0027897 1.58343 0.000724898
84 2 29 0.00234224 1.7597 0.00209358
84 2 62 0.00174987 1.44881 0.000865867
84 1 29 0.00194736 1.53805 0.00109795
85 2 46 0.00216215 2.62765 0.00160553
85 1 68 0.00266124 1.14023 0.000974548
85 2 60 0.00156837 2.43508 0.000889592
85 1 75 0.00207551 0.501997 0.000991215
85 1 79 0.0021342 0.825561 0.00225774
85 0 60 0.000883054 3.09001 0.000677127
85 0 43 0.00248523 1.74936 0.000842828
85 1 70 0.00234837 1.07532 0.000693486
85 0 64 0.00305569 1.55356 0.0017406
85 2 90 0.00305404 2.02768 0.00062253
86 1 62 0.00301677 2.01508 0.000922896
86 1 43 0.00219217 1.9952 0.00108505
86 0 36 0.00369596 1.38228 0.000333831
86 1 28 0.00266795 2.36198 0.00133076
86 0 58 0.000779096 1.50218 0.000520334
86 0 50 0.00270921 0.961318 0.000872439
86 1 98 0.00390698 1.45568 0.000911601
86 2 56 2.25958e-05 0.863373 0.00228361
86 1 30 0.00131728 0.5 0.00122017
86 2 79 0.00204186 2.67752 0.00142876
87 1 32 0.00121164 0.518956 0.000760113
87 2 99 0.00170617 2.25827 0.000806281
87 2 1 0.00210063 1.82675 0.00202122
87 2 59 4.53993e-05 0.921805 0.000262391
87 0 55 0.000812134 2.1179 0.000727714
87 1 60 0.00209235 1.1238 0.00156262
87 0 45 0.0014507 1.34103 0.000275613
87 1 59 0.00101965 1.81369 0.000827394
87 2 83 0.00228497 0.63729 0.000986574
87 2 57 0.00258948 1.41883 0.000452005
88 1 35 0.00144684 0.59074 0.000828546
88 0 97 0.00168793 1.01288 0.00179619
88 1 78 0.00350294 1.08145 0.00122525
88 0 51 0.00178911 0.914083 0.0011101
88 2 70 0.003857 0.980721 0
88 2 46 0.00269097 1.17808 0.00179268
88 2 49 0.00344326 1.83171 0.0015525
88 2 17 0.000986062 2.5734 0.000215193
88 2 72 0.00224054 0.973084 0.00180753
88 1 86 0.000710965 1.4427 0.000688942
89 0 6 0.00341949 1.0593 0.00145511
89 2 12 0.00233097 1.85434 0.00124619
89 1 88 0.000930006 1.44102 0.000671794
89 0 99 0.00172051 1.15171 0.00111045
89 0 87 0.00297833 1.03718 0.00125891
89 2 81 0.000242783 0.953452 0.000590734
89 0 69 0.00345276 2.41523 0.00187422
89 1 67 0.000596827 1.04101 0.000245584
89 1 53 0.00272741 0.826463 0.000927743
89 1 54 0.00371838 1.30454 0.00107866
90 0 17 0.0032308 1.43396 0.000858022
90 2 10 0.00229988 0.5 0.00139984
90 0 12 0.000449633 3.62341 0.00130326
90 1 28 0.000730982 2.13877 0.00159998
90 1 30 0.00241356 1.19991 0.00127899
90 2 66 0.00231132 2.00846 0.000863399
90 0 70 0.00253061 1.79475 0.000432247
90 2 91 0.00345986 2.14703 0.000431691
90 2 30 0.00341506 1.38052 0.00116129
90 0 40 0.00215749 1.63328 0.00139561
91 1 17 0.00204727 1.63476 0.00147939
91 0 36 0.000811357 1.43017 0.00179549
91 2 21 0.00258592 2.10987 0.00127863
91 1 20 0.00209762 0.762925 0.00137005
91 1 47 0.00196237 1.42396 0.00147443
91 2 75 0.00265877 1.52741 0.000460694
91 1 77 0.00260806 2.21994 0.00179006
91 0 12 0.00223431 1.43985 0.00105263
91 0 43 0.00191457 1.51587 0.0011914
91 1 1 0.00213805 1.09805 0.000922684
92 0 42 0.00258277 1.45047 0.00155296
92 2 63 0.000703096 0.751016 0.00153608
92 0 11 0.00297581 1.42346 0.000913923
92 0 73 0.00405183 1.22029 0.00141905
92 0 16 0.00269114 2.96646 0.000893229
92 1 64 0.00199588 1.28771 0.00167413
92 2 51 0.00395373 1.26029 0.00109813
92 1 1 0.000186209 1.82326 0.00152848
92 1 83 0.00122845 0.743203 0.0016496
92 2 56 0.00194603 1.37374 0.000529833
93 0 59 0.00210948 1.78694 0.00153828
93 2 85 0 0.708155 0.00105685
93 1 88 0.00180044 2.39226 0.000858133
93 1 22 0.00239109 1.92836 0.00144171
93 1 73 0.00196281 2.11796 0.00150656
93 1 54 0.00173271 1.01196 0.000670517
93 2 89 0.00282531 1.58314 0.00085747
93 0 71 0.00186036 1.08301 0.000336238
93 0 69 0.00130957 1.13387 0.001232
93 0 5 0.00204434 1.39172 0.000717888
94 0 80 0.00261319 1.05615 0.000416402
94 0 46 0.00144758 2.71857 0.00058885
94 0 90 0.00171771 1.75109 0.00126667
94 2 37 0.00268913 2.09219 0.000511771
94 1 84 0.0026529 1.06466 0.00150338
94 2 23 0.000508578 1.94605 0.00137502
94 1 93 0.00235884 1.56311 0.00208919
94 1 81 0.00175301 0.646052 0.00255579
94 0 23 0.00223782 1.22599 0.000834457
94 1 66 0.00218324 1.32278 0.00172531
95 0 28 0.000391065 2.38265 0.00153614
95 0 19 0.00263937 1.26566 0.00123065
95 2 81 0.00308928 1.87744 0.00156781
95 2 37 0.00193406 1.18923 0.00083667
95 2 75 0.0010646 1.70981 0.00111613
95 0 29 0.00256913 1.10463 0.000440169
95 0 35 0.00334142 3.06822 0.00134455
95 0 10 0.00164971 1.7156 0.000813932
95 1 4 0.00217431 1.2172 0.00128564
95 0 2 0.00179772 1.64008 0.00092077
96 1 75 0.00220387 0.5 0.00155908
96 0 63 0.00114607 1.79923 0.00143979
96 0 18 0.0021895 1.59931 0.00129817
96 1 60 0.000529166 0.770707 0.00107107
96 1 4 0.00256885 1.15903 0.00184437
96 2 63 0.00178488 2.45392 8.98543e-05
96 0 6 0.0015 1.07889 0.000962812
96 0 91 0.00346544 0.575412 0.000568517
96 0 79 0.00331301 2.70728 0.000496317
96 0 75 0.00102296 2.42527 0.000476323
97 0 33 0.00174384 0.972057 0.00159712
97 0 17 0.00246297 1.88333 0.00102339
97 0 81 0.00266156 0.95849 0.000824937
97 2 4 0.00277428 1.42395 0.0013748
97 2 21 0.0016338 1.59993 0.000988367
97 2 48 0.00257222 0.5 0.000734497
97 1 48 0.00247067 1.20217 0.00130383
97 1 25 0.0024356 1.27084 0.000498208
97 2 49 0.00263977 1.5294 9.12964e-05
97 0 38 0.00237192 0.910976 0.000557285
98 2 10 0.00117216 1.95646 0.0010363
98 1 26 0.000832473 1.22439 0.000844311
98 0 1 0.00160769 1.47778 0.0013985
98 2 75 0.00182395 1.77616 0.00108542
98 2 60 0.000406703 1.77376 0.00114058
98 0 55 0.00140698 1.28317 0.000854267
98 1 4 0.00151134 1.19446 0.000493307
98 2 13 0.0021249 0.929484 0.000546291
98 1 10 0.00297752 1.85582 0.00145967
98 0 10 0.000497761 1.20455 0.000212153
99 0 35 0.00138909 1.33676 0.00199949
99 2 35 0.00296042 1.596 0.00145147
99 2 59 0.00326626 1.77543 0.000890248
99 1 36 0.003691 0.828537 0.000387366
99 2 40 0.00158655 0.589582 0.00112943
99 1 56 0.00138084 1.84642 0
99 0 36 0.00105004 2.32276 0.00132962
99 0 70 0.00321879 1.23678 0.00130243
99 1 89 0.00309118 1.13863 0.000748421
99 1 56 0.0025809 1.77667 0.00157592
