0 4 90 0.00112216 0.716989
0 3 12 0.000936365 1.13156
0 4 43 0.00108979 2.25297
0 3 9 0.00127006 2.42893
0 2 63 0.0011963 1.13727
0 1 23 0.000829849 1.69568
0 1 26 0.00109774 1.81016
0 2 40 0.00103813 2.55408
0 1 22 0.000987666 1.72652
0 0 24 0.000834284 1.55016
1 0 92 0.000804337 0.671418
1 1 59 0.00117935 1.29403
1 3 20 0.000991114 0.670835
1 2 0 0.00139541 0.5
1 0 76 0.000598599 1.22866
1 0 8 0.000688841 1.18719
1 3 80 0.00163255 1.52301
1 3 38 0.00162019 1.12941
1 1 88 0.00146426 1.63468
1 3 50 0.00143088 0.5
2 2 68 0.0017655 2.23623
2 2 24 0.000203464 0.5
2 2 18 0.00157975 2.67112
2 0 83 0.00134879 1.09221
2 0 47 0.000504547 1.84085
2 4 58 0.00107916 2.31697
2 1 24 0.000849091 1.47187
2 2 77 0.000313382 2.57654
2 2 38 0.00102657 0.5
2 3 76 0.00110989 1.33519
3 3 49 0.00138818 0.743156
3 2 46 0.00103398 2.21497
3 1 68 0.000464218 1.50286
3 0 73 0.00141326 1.26187
3 2 62 0.00171617 1.80047
3 1 98 0.00117322 0.818186
3 4 96 0.000292532 0.842259
3 3 94 0.00118834 1.12444
3 1 27 0.00129144 0.5
3 4 85 0.000946064 0.5
4 2 63 0 1.59208
4 1 53 0.000316252 2.01638
4 2 95 0.000250828 1.64859
4 3 54 0.00134378 3.2359
4 3 14 0.000713752 1.5473
4 2 65 0.00049711 0.740726
4 0 47 0.00112636 1.63632
4 2 79 0.000622058 1.39739
4 2 60 0.000582499 1.42347
4 0 64 0.0011388 1.15335
5 0 79 0.000915009 2.25321
5 0 71 0.0012262 1.40847
5 3 67 0.00153005 2.66219
5 2 77 0 1.76845
5 1 48 0.000181303 1.20565
5 4 73 0.00151782 1.93115
5 2 49 0.00125026 2.07056
5 3 62 5.66659e-05 0.75789
5 4 79 0.00186275 1.45121
5 4 31 0 1.39012
6 0 67 0.00173565 1.77053
6 0 40 0.000661734 1.30972
6 0 72 0.00061448 2.15261
6 2 56 0.000569252 1.46688
6 3 89 0.00206312 1.89774
6 4 14 0.00057864 1.77833
6 4 97 0.000484556 1.07451
6 4 77 0.000853329 1.88474
6 4 74 0.00164014 2.04799
6 2 64 0.000898401 2.18395
7 3 89 0.000997806 1.94868
7 4 74 0.00129198 1.97098
7 2 30 0.00020946 0.817995
7 0 57 0.0013686 0.688002
7 0 32 0.00151756 1.13955
7 3 48 0.00129982 1.26858
7 2 73 0.00173392 2.09793
7 4 38 0.000396923 1.51243
7 3 9 0.00063319 1.13452
7 4 2 0.0010429 0.994691
8 2 8 0.00104003 0.991166
8 2 88 0.000920843 0.76837
8 0 86 0.000616275 0.922206
8 2 66 0.00140529 0.916182
8 4 1 0.000916272 1.54598
8 0 60 0.00150624 1.36637
8 0 88 0.00170628 2.08379
8 2 59 0.00194208 2.18999
8 4 72 0.000654024 1.29747
8 0 32 0.00104737 1.51014
9 4 99 0.000735909 2.70824
9 3 58 0.00184729 2.20586
9 2 54 0.00179833 0.95834
9 0 86 0.00190368 0.963533
9 1 31 0.00089675 2.1371
9 2 70 0 1.03237
9 1 36 0.000518785 1.01808
9 0 86 0.00213274 1.98198
9 0 25 0.00164532 1.60708
9 0 4 0.00167985 1.29256
10 0 80 0 1.70155
10 1 80 0.00146877 0.786077
10 1 22 0.000671294 0.779527
10 1 67 0.00101797 0.825489
10 2 37 0.00177172 1.32374
10 0 32 0.00125173 1.50708
10 2 63 0.000745976 2.32729
10 0 25 0.00141322 1.52585
10 4 8 0.00104769 2.14286
10 4 14 0.00132817 1.73107
11 1 89 0.0010284 0.547281
11 2 15 0.000956566 2.3876
11 0 12 0.0011089 1.14115
11 0 2 0.000842343 1.62847
11 4 52 0.000346462 1.15608
11 1 86 0.00108288 1.5792
11 1 47 0.000320772 2.04663
11 1 18 0.000369792 0.606509
11 3 57 0.0010683 1.43654
11 4 6 0.00109399 1.34974
12 1 16 0.00223039 2.04773
12 2 21 0.000648302 1.28143
12 0 4 0.00092791 0.928603
12 3 52 0.00123748 1.30844
12 4 53 0.00167972 1.28651
12 2 87 0.000898768 1.46444
12 2 95 0.00125425 2.05763
12 2 58 0.000840649 1.87549
12 4 95 0.00109082 1.43176
12 3 48 0.000721527 2.69687
13 4 78 0.000984131 0.98003
13 1 2 0.0015313 1.33666
13 2 81 0.00116689 2.45951
13 3 32 0.00106713 2.32224
13 4 7 0.000568318 1.92367
13 3 23 0 0.94148
13 0 45 0.00169263 1.60302
13 1 44 0.00121888 1.12357
13 0 17 0.00120693 1.97033
13 4 42 0.000956563 0.865901
14 4 49 0.000767735 1.79111
14 1 90 0.000800718 2.24768
14 4 45 0.00058606 2.30115
14 0 54 0.00136068 1.24715
14 3 47 0.00177579 1.53977
14 2 43 0.000463124 1.11264
14 4 37 0.000638219 1.46318
14 4 81 0.000299153 2.90005
14 2 93 0.00141515 1.35633
14 4 50 0.000521768 0.5
15 2 34 0.000126253 2.26439
15 3 98 0.00031498 2.14772
15 0 89 0.000839902 1.55415
15 0 4 0.000564202 2.66132
15 2 48 0.000825869 2.00428
15 3 93 0.00105073 1.58268
15 4 54 0.00129968 2.04025
15 1 7 0 0.540356
15 0 12 0.00134326 1.85593
15 2 68 0.00145405 1.93829
16 2 15 0.000896584 1.05214
16 4 52 0.000882356 0.944468
16 0 59 0.00169399 0.639715
16 3 75 0.000921198 0.877394
16 1 64 0.00117612 0.878157
16 4 0 0.0021396 0.603508
16 4 66 0.00108733 0.500644
16 1 43 0.00157597 1.81556
16 1 66 0.000886038 1.8067
16 2 28 0.00127093 1.59818
17 2 53 0.00157864 1.23998
17 0 64 0.00119908 2.11995
17 3 38 0.00126659 1.67524
17 4 98 0.000781954 1.29889
17 4 70 0 2.15308
17 3 20 0.00118097 0.5
17 0 16 0.00122121 1.10379
17 0 30 0.00146799 2.17407
17 3 10 0.00131585 1.23381
17 4 5 0.00120128 1.49696
18 3 85 0.00145985 0.675322
18 4 15 0.00159206 0.960706
18 1 28 0.000851079 1.51217
18 2 36 0.00140872 1.11557
18 3 90 0.00159113 0.916993
18 0 84 0.000996156 1.6351
18 4 86 0.000226337 0.756267
18 2 73 0.000852964 0.5
18 0 0 0.000431185 0.74944
18 4 88 0.00136949 1.06316
19 3 81 0.000633944 1.84526
19 0 29 0.000620708 1.87488
19 3 71 0.000642126 2.49307
19 0 24 0.000297676 0.657486
19 4 73 0.000780163 1.52077
19 3 1 0.000898821 1.80271
19 1 51 0.000643737 1.3708
19 2 50 0.00133388 2.20119
19 3 21 0.0011016 1.02726
19 1 11 0.000892032 1.95126
20 4 57 0.000886763 0.918084
20 1 94 0.00146061 0.5
20 4 24 0.00109922 1.59418
20 0 35 0.000480433 0.930407
20 2 40 0.0011454 1.4115
20 1 59 0.000980389 0.812073
20 2 64 0.000583272 3.12406
20 4 34 0.00118269 2.16809
20 2 21 0.000802342 1.47354
20 0 76 0.00109383 1.68432
21 1 78 0.00117196 1.93927
21 0 90 0.000155337 2.2037
21 4 80 0.00100279 1.75839
21 2 95 0.000804432 1.10203
21 4 47 0.00105625 1.29392
21 4 65 0.00137206 2.03231
21 1 95 0.000866941 0.898925
21 0 94 0.000736642 1.56626
21 2 34 0.000724608 1.45572
21 2 67 0.000418133 1.13234
22 4 4 0.000548528 0.987222
22 3 22 0.00142638 2.33174
22 1 16 0.00154601 1.62636
22 4 4 0.00195775 1.56904
22 1 24 0.000589051 1.95576
22 1 79 0.000299125 1.69257
22 2 58 0.00116145 2.23681
22 4 14 0.000384695 0.763973
22 0 88 0.00123652 0.554645
22 0 87 0.000791944 0.5
23 2 36 0.000894531 1.21348
23 0 96 0.000969327 0.710104
23 0 70 0.000634749 1.29344
23 1 94 0.00128656 1.80962
23 2 40 0.000758575 1.25735
23 1 53 0.0013432 0.791639
23 0 57 0.000946836 2.15433
23 2 88 0.000840951 1.22518
23 0 77 0.00116452 1.85838
23 1 45 0.000781658 2.34668
24 3 41 0.00183433 1.53531
24 3 64 0.000848353 1.37361
24 2 49 0.000604701 1.44994
24 2 22 0.00106577 0.997355
24 0 8 0.0014539 0.695139
24 1 90 0.000999373 1.03759
24 4 4 0.00167961 2.52822
24 2 53 0.00156572 2.46738
24 2 29 0.000448112 1.0435
24 3 41 0.00133792 0.987938
25 0 85 0.00138605 2.12068
25 3 12 0.00120719 0.5
25 0 73 0.00151722 1.13711
25 4 28 0.00072026 1.46069
25 3 72 0.00173695 0.751092
25 4 98 0.00147299 2.03047
25 3 95 0.000618907 1.66434
25 1 19 0.00137697 1.53329
25 4 99 0 1.64957
25 2 27 0.00178438 1.19165
26 1 98 0.000532664 2.18301
26 2 21 0.00139617 1.48419
26 2 63 0.00106858 1.92835
26 2 42 0.00156571 1.24601
26 0 92 0.00114841 2.62875
26 1 12 0.00112933 2.05362
26 0 96 0.00108204 0.5
26 0 27 0.000731166 1.15925
26 2 95 0.00182306 2.71596
26 2 85 0.00104653 2.12687
27 1 85 0.000357378 1.47265
27 3 11 0.000457367 1.70153
27 3 22 0.000159501 1.31179
27 0 17 0.000682792 1.23258
27 1 5 0.00101839 1.94997
27 2 23 0.000960397 1.3433
27 3 19 0.00115602 1.06826
27 1 40 0.000945387 1.7803
27 1 87 0.000235872 1.57037
27 2 28 0.000894974 1.27803
28 2 22 0.00136821 1.62401
28 3 61 0.000792296 1.68036
28 1 37 0.00127386 1.16396
28 1 29 0.00185356 1.75173
28 2 22 0.00132596 2.19768
28 2 34 0.000672377 0.716697
28 0 37 0.000910968 2.35563
28 2 86 0.000866308 1.76154
28 4 1 0.00145592 2.20721
28 0 75 0.000105311 1.86621
29 4 43 0.000559277 0.54918
29 1 54 0.00169157 1.51986
29 2 29 0.00125588 0.55349
29 2 68 0.00166803 0.5
29 2 74 0.000915125 1.04956
29 1 33 0.00124565 1.39237
29 2 84 0.00100339 0.5
29 3 66 0.00121133 0.860109
29 2 68 0.00207846 0.872516
29 1 57 0.00144399 1.17969
30 2 35 0.000485216 2.08757
30 1 77 0.000889884 1.82875
30 2 53 0.000601622 1.04568
30 0 73 0.000486341 2.21423
30 2 35 0.00051914 1.04992
30 4 42 0.000658866 1.82045
30 2 64 0.00151012 1.74008
30 1 26 0.000654327 1.61107
30 3 82 0.000557264 1.51572
30 2 2 0.000561548 1.56672
31 4 50 0.00124034 0.5
31 1 85 0.000652563 1.54421
31 0 66 0.00056511 1.33243
31 4 79 0.000326314 1.16205
31 1 61 0.00150354 1.85662
31 4 90 6.48071e-05 0.5
31 3 31 0.000514921 1.0384
31 3 2 0.00182569 1.64366
31 4 70 0.000231939 0.862477
31 4 32 0.00104026 1.0924
32 3 66 0.00111401 0.926783
32 1 51 0.000239389 1.52144
32 3 76 0.00138128 0.5
32 3 93 0.00163183 1.71758
32 0 54 0.000757984 1.73676
32 0 72 0.000368194 2.00504
32 1 9 0.00136046 1.19654
32 1 34 0.00144866 1.21688
32 0 58 0.000695634 1.33983
32 1 82 0.00111439 2.41413
33 4 87 0.000566107 1.81696
33 1 0 0.000330358 0.886454
33 0 5 0.00102391 1.04358
33 4 37 0.000649159 1.1051
33 0 60 0.000403085 1.83176
33 3 33 0.00149865 2.13324
33 3 6 0.000788362 2.11496
33 1 25 0.000337244 0.823047
33 2 72 0.000850562 0.638433
33 4 10 0.000643084 1.38995
34 0 23 0.00129811 1.15063
34 0 47 0.00129037 0.7269
34 4 59 0.000733954 1.4355
34 4 68 0.00178923 1.55896
34 4 55 0 0.859802
34 2 58 0.000333676 1.18818
34 0 62 0.000814924 1.5701
34 1 56 0.000317677 1.46779
34 1 76 0.00132051 1.29279
34 1 6 0.00188547 1.88975
35 3 9 0.000504354 1.14524
35 3 15 0.000588935 1.74389
35 1 11 0.000319691 0.5
35 3 4 0.000206137 1.71563
35 0 86 0.00104925 2.14929
35 1 90 0.00141389 0.507219
35 0 53 0.000230494 1.25991
35 2 3 0.00159483 2.4375
35 0 33 0.00155772 1.02576
35 3 30 0.00041967 0.5
36 1 6 0.00109559 1.35654
36 3 51 0.00189813 1.58825
36 3 56 0.000531029 1.06686
36 1 61 0.00151515 1.0692
36 2 43 0.00119882 1.11429
36 1 49 0.00104613 2.13701
36 1 1 0.00109395 0.843204
36 0 34 0.000611613 1.4105
36 3 29 0 2.45979
36 0 17 0.000420068 1.04623
37 2 80 0.0003294 2.50905
37 4 1 0.000629076 1.98786
37 2 74 0.00129503 2.71855
37 3 24 0.0007019 1.48688
37 0 16 5.59941e-05 1.49833
37 0 24 0.0014484 1.31038
37 3 47 0.000854913 2.11092
37 1 78 0.00120499 1.54335
37 1 21 0.00154067 1.63351
37 1 58 0.00153574 2.34257
38 3 39 0.000929849 1.1734
38 4 5 0.000299286 1.55997
38 0 39 0.000819089 0.988998
38 4 25 5.87418e-05 2.59078
38 0 64 0.00121036 0.664191
38 4 52 9.73571e-05 0.995812
38 3 93 0.000519957 2.5473
38 3 0 0.00138631 1.62771
38 3 30 0.000946563 1.55598
38 2 65 0.00037794 2.24073
39 4 89 0.00104867 1.32923
39 0 54 0.00186741 1.05339
39 3 90 0.000701121 0.990482
39 2 70 0.000711143 1.10753
39 0 9 0.001373 1.33173
39 4 71 0.00104875 1.38338
39 4 38 0 1.60154
39 0 33 0.000967799 2.55748
39 4 98 0.00155653 1.87556
39 2 35 0.000621694 1.72903
40 3 42 0.00166618 1.25989
40 0 12 0.000890528 0.871189
40 3 63 0.000848225 0.982826
40 3 30 0.000375346 1.93621
40 2 70 0.000842186 1.66658
40 3 87 0.00162145 1.95951
40 3 43 0.000932238 1.70736
40 0 33 0.000702381 3.20954
40 2 27 0.00102276 1.38578
40 4 74 0.00143886 1.97187
41 3 48 0.000964375 1.87536
41 2 70 0.000683402 1.82414
41 2 25 0.000776937 1.61313
41 2 66 0.00161232 1.91114
41 1 82 0.000796902 2.16083
41 3 98 0.000979813 2.12944
41 3 44 0.00134002 1.33272
41 1 75 0.00127116 1.62485
41 0 15 0.00133197 0.7813
41 1 38 0.00105251 0.5
42 1 71 0.000248142 1.89864
42 4 21 0.000881409 1.87628
42 2 52 0.0017647 1.36948
42 2 77 0.00170133 1.55752
42 0 53 0.000526817 1.61549
42 1 38 0.000606666 0.692863
42 1 79 0.00125764 0.830392
42 3 40 0.00104951 1.4041
42 4 93 0.00184568 2.04065
42 4 70 0.000772212 1.07208
43 2 96 0.00108021 2.40536
43 4 70 0 1.40204
43 4 22 0.00124097 1.79421
43 0 41 0.000501824 2.28069
43 4 0 0.00120656 1.45725
43 2 84 0.000467497 2.24898
43 1 89 0.00113331 2.38291
43 0 60 0.000112925 1.24078
43 0 84 0.000590931 2.01062
43 0 47 0.00132592 0.504176
44 4 30 0.00163025 0.894384
44 1 3 0.00143205 2.19539
44 0 96 0.000981606 1.92364
44 1 73 0.00155768 1.92167
44 1 71 0.00112826 1.21254
44 4 73 0.000158543 1.69067
44 4 73 0.00106472 1.96033
44 1 98 0.000835512 1.49273
44 0 8 0.000928234 1.75887
44 4 91 0.00099966 1.33501
45 3 16 0.000629529 1.33052
45 0 88 0.00150164 1.17466
45 4 87 0.00132425 2.02693
45 0 43 0.00115104 1.72323
45 3 20 0.00124309 1.4382
45 2 7 0.000751005 1.78795
45 4 98 0.000897675 0.936118
45 0 41 0.0013959 1.63633
45 4 17 0.000527055 0.816812
45 2 97 0.000518086 1.57314
46 4 52 0.000803601 2.03456
46 3 12 0.00120159 1.44592
46 3 63 0.000895696 1.82711
46 3 74 0.00215309 1.69758
46 1 60 0.000484518 1.07837
46 0 92 0.0014382 2.03607
46 2 18 0.000879845 1.77873
46 3 61 0.00148842 2.15478
46 2 97 0.000424505 0.889118
46 3 66 0.00160329 0.727876
47 0 0 0.000982396 1.84821
47 1 60 0.00118299 2.28628
47 3 41 0.000827207 1.38815
47 1 55 0.00125795 1.245
47 0 22 0.000601392 1.49216
47 2 10 5.11989e-05 2.127
47 0 31 0.000488023 0.995338
47 3 5 0.0007068 0.896453
47 2 95 0.000473203 1.18476
47 3 28 0.000504299 0.746308
48 4 56 0.00110574 1.89262
48 2 98 0.000862109 0.767921
48 4 67 0.00110886 1.64898
48 4 24 0.00119366 1.11612
48 1 63 0.000871707 1.46929
48 2 13 0.00216469 0.743166
48 0 35 0.00108246 1.3605
48 0 71 0.00159861 0.9135
48 2 52 0.000563249 1.68794
48 1 24 2.94503e-05 1.1219
49 1 75 0.000537928 0.665117
49 1 94 0.00101422 1.71875
49 4 38 0.000616568 2.02947
49 0 32 0.0018387 1.72731
49 3 16 0.00153225 1.35884
49 4 96 0.00159704 1.27223
49 3 57 0.00130877 1.5989
49 3 94 0.000621002 1.8489
49 4 72 0.00146484 2.05602
49 2 33 0.000650371 0.5
50 4 19 0.00195475 1.65001
50 0 44 0.00106714 2.36004
50 2 18 0.000786644 0.793689
50 0 10 0.00126621 1.50695
50 1 78 0.00144407 2.26135
50 0 33 0.00203638 0.902465
50 1 28 0.00142748 3.09733
50 2 56 0.00162481 1.43353
50 2 89 0.000976652 1.64571
50 1 77 0.0014458 1.03403
51 4 49 0.000735441 1.81739
51 2 30 0.000712396 2.35008
51 4 45 0.00187104 2.07748
51 3 41 0.000511825 1.82042
51 4 77 0 1.88686
51 1 5 0.000869642 2.06393
51 2 83 0.000856444 1.12742
51 2 54 0.0015821 1.51987
51 1 35 0.000406974 0.907082
51 2 4 0.000758393 1.05157
52 0 90 0.000974793 2.2963
52 4 48 0.000984323 1.90219
52 4 85 0.00090412 0.586904
52 4 46 0.000856574 2.43601
52 1 34 0.00174784 1.35542
52 2 82 0.00190966 1.3196
52 3 92 0.00106704 1.1496
52 2 90 0.00037261 1.52822
52 1 69 0.00104356 1.73003
52 4 2 0.00106793 1.85218
53 2 39 0.00123918 1.25746
53 2 41 0.00114388 0.734318
53 2 21 0.00116936 1.49721
53 2 62 0.00086931 0.994962
53 1 48 0.00109839 2.23359
53 1 41 0.00182642 0.5
53 2 94 0.000582385 2.56783
53 1 69 7.87752e-05 1.25802
53 0 18 0.00112705 1.25916
53 1 89 0.000595537 1.6125
54 0 11 0.000724401 0.899289
54 2 16 0.000921785 1.54466
54 4 12 0.00115522 1.97161
54 4 29 0.000964562 2.28742
54 0 18 0.000456152 1.43697
54 3 21 0.00143223 1.77919
54 1 84 0.00155423 1.08881
54 2 65 0.00131678 1.41534
54 0 5 0.0014501 1.5108
54 2 97 0.000447462 1.61871
55 3 83 0.00104196 0.71094
55 4 55 0.00132872 2.06998
55 2 57 0.00169952 1.84762
55 0 88 0.000884738 2.17318
55 1 24 0.00180792 0.799532
55 0 17 0.0008832 1.41699
55 2 80 0.000842921 0.866369
55 2 78 0.000883263 1.96986
55 4 33 0.00126691 2.50808
55 2 73 0.000509489 0.902294
56 0 77 0.000518436 1.74179
56 1 86 0.000269976 2.11363
56 2 9 0.000406533 0.5
56 2 89 0.00121644 1.37411
56 0 89 0.000827017 2.10485
56 1 85 0.00108515 1.57855
56 2 42 0.001575 2.23919
56 3 40 0.00115602 1.92458
56 2 56 0.00078567 2.1497
56 2 2 0.000865829 0.99017
57 4 44 0.000754027 2.16332
57 3 41 0.000778068 1.66992
57 0 97 0.000141631 1.77362
57 2 23 0.00108694 1.44442
57 4 22 0.00104909 0.504606
57 1 29 0.000792998 1.87324
57 2 14 0.00149093 1.71047
57 4 64 0.000682522 1.63519
57 0 92 0.00135397 0.5
57 2 26 0.00119294 1.57586
58 3 70 0.000236412 0.715752
58 3 66 0.00168927 1.4317
58 1 61 0 2.21687
58 3 87 0.000445502 1.54766
58 2 99 0.00114311 1.58182
58 0 10 0.00129084 1.1872
58 4 6 0.000692264 0.881112
58 2 17 0.000828639 1.34386
58 4 45 0.00172914 1.81261
58 2 92 0.00105561 1.57739
59 0 4 0.00121684 0.630672
59 1 84 0.000835636 1.03591
59 1 4 0.00120346 1.37863
59 3 50 0.00165126 0.779202
59 2 39 0.000807825 1.23066
59 2 29 0.00151776 1.74808
59 3 37 0.000274 1.52067
59 1 36 0.00102365 1.34412
59 3 9 0.000816255 1.47132
59 1 64 0.00118954 1.9446
60 0 1 0.00120093 0.560627
60 4 30 0.000439797 1.05628
60 0 9 0.00157849 1.69597
60 2 39 0.000489151 0.726946
60 2 3 0.00154802 0.9606
60 4 40 0.000517597 2.25787
60 4 61 0.000133277 1.80826
60 2 13 0.000897317 1.91734
60 2 56 0.00219587 2.47294
60 1 21 0.00148171 1.05551
61 4 52 0.00166161 1.3667
61 1 63 0.000763 2.09869
61 0 89 0.00148244 1.77111
61 0 54 0.0011957 2.46294
61 2 52 0.000963558 0.5
61 3 67 0 0.805939
61 2 52 0.00116357 0.5
61 1 10 0.00120922 1.88009
61 3 29 0.000392208 1.50229
61 2 58 0.00082048 1.35602
62 3 29 0.000685453 1.50716
62 1 53 0.000406819 1.71075
62 0 2 0.000729014 0.951651
62 1 87 0.000969314 2.20477
62 0 98 0.000533454 1.54211
62 2 96 0.000349943 1.9889
62 1 12 0.00139766 1.88001
62 1 74 0.00153284 2.14416
62 4 45 0.00136872 2.69132
62 3 41 0.00215038 1.59527
63 1 66 0.000254822 1.51605
63 1 13 0 1.71856
63 3 36 0.00220835 2.04194
63 3 54 0.00122225 1.67378
63 0 26 0.0012152 2.0889
63 2 81 0.0012296 1.2708
63 2 68 0.00073399 0.929932
63 3 66 0.000612727 1.52309
63 4 40 0.000470548 1.04755
63 1 2 0.000196286 1.81574
64 2 32 0.000607712 1.39001
64 4 32 0.00159593 0.755129
64 3 32 0 2.33221
64 0 2 0.00114411 1.5062
64 3 83 0.00121327 1.44535
64 1 34 0.00109096 1.83618
64 2 43 0.000204293 1.94854
64 0 38 0.000764947 0.928873
64 0 32 0.000867201 1.46212
64 3 63 0.00126581 1.60361
65 0 56 0.00110472 1.28208
65 1 71 0.00137826 1.70031
65 2 8 0.000936876 1.62001
65 0 48 0.000504365 1.2966
65 3 36 0.0013911 0.528097
65 0 67 0.00119635 1.17962
65 1 93 0.00099003 0.5
65 3 13 0.00135907 1.17401
65 4 87 0.00124044 0.951442
65 2 21 0.0013261 0.5
66 0 62 0.000392282 1.74033
66 1 66 0.000961369 1.42958
66 1 81 0.000694343 2.89065
66 0 7 0.00143733 1.46995
66 4 44 0.00121603 2.2318
66 2 90 0.000300762 1.25643
66 4 1 0.00110123 1.98015
66 4 41 0.000729062 1.08331
66 2 17 0.00082885 1.58128
66 1 82 0.00151349 1.55217
67 0 68 0.000413527 1.79572
67 0 46 0.000494617 1.05051
67 4 40 0 1.61287
67 3 7 0.00167725 1.13276
67 2 54 0.000359656 1.14873
67 3 18 0.000736128 2.2999
67 4 33 0.000691819 1.17339
67 0 35 0.00165245 1.16221
67 0 11 0.00129791 2.12414
67 1 16 0.00177525 1.46325
68 2 48 0.00197135 2.08074
68 0 58 0.000739094 1.97764
68 3 58 0.000820971 1.04353
68 1 12 0.000950177 2.76683
68 4 4 0 1.58916
68 1 6 0.000851088 1.91722
68 2 17 5.50313e-06 1.75043
68 3 68 0.0017421 2.15002
68 2 49 0.00159685 0.716901
68 1 84 0.000602271 1.92885
69 0 61 0.000793675 0.713221
69 1 35 0.000998439 0.5
69 4 86 0.00116614 1.21344
69 3 66 0.0011285 1.77326
69 0 75 0.00241232 0.986949
69 1 82 0.00179397 1.61696
69 4 44 0.00130439 1.71338
69 0 24 0.000897262 1.8732
69 0 4 0.00134102 0.846592
69 2 86 0.000617496 2.47232
70 1 46 0.00108074 1.86527
70 2 59 0.000249749 1.1447
70 3 50 0.000900037 0.5
70 4 83 0.00109266 1.45581
70 4 62 0.000897418 1.90846
70 3 48 0.00135531 1.71775
70 1 48 0.001087 1.27995
70 3 97 0.00140903 0.873283
70 0 27 0.00102835 1.52172
70 2 67 0.00015396 1.22343
71 2 61 0.00136589 1.11731
71 4 75 0.000760987 0.917402
71 2 33 0.00155008 1.39879
71 3 0 0.00114051 0.796065
71 3 38 0.00165427 1.4607
71 2 24 0.00100739 1.38096
71 2 31 0.0018725 1.71843
71 2 89 0.00157831 1.98311
71 3 38 0.000304481 1.54105
71 0 94 0.00187264 1.42007
72 4 49 0.00105348 1.6487
72 4 60 0.000925331 1.0741
72 4 1 0.00177269 0.968557
72 3 65 0.000793018 1.20869
72 3 30 0.000961578 2.6059
72 4 38 0.00125881 2.26117
72 3 70 0.0011659 1.4785
72 0 35 0.0017333 1.1864
72 0 19 0.000672866 1.7681
72 4 6 0.000807166 1.11187
73 1 28 0 1.64255
73 2 83 0.00134465 2.61245
73 0 12 0.000447931 1.19914
73 3 73 0.00168308 1.55413
73 0 34 0.000627261 0.795979
73 2 60 0.0010048 1.08861
73 4 99 0.000867823 1.54695
73 1 85 0.000889797 2.11208
73 2 18 0.00162973 1.97605
73 1 44 0.00143158 1.33223
74 2 7 0.00169712 2.23098
74 0 85 0.00154031 1.91232
74 0 4 0.00152416 1.38133
74 1 10 0.00131714 1.23595
74 0 36 0.00109376 0.759157
74 0 87 0.000876058 1.95425
74 4 82 0.000770877 1.32088
74 0 34 0.000741242 0.674548
74 3 91 0 1.09055
74 0 85 0.0011935 1.1464
75 4 54 0.00053693 0.69713
75 4 87 0.00032365 1.78572
75 4 33 0.000779859 2.3314
75 1 46 0.00173198 0.939859
75 2 1 0.00158743 1.97135
75 2 10 0.000772725 1.70704
75 1 37 0.000963655 1.83425
75 1 79 0.000231893 1.9009
75 3 64 0.00124009 1.9851
75 2 27 0.000458588 1.23318
76 4 11 0.00087094 1.71974
76 3 82 0.00127103 1.60037
76 3 13 0.00146605 1.79808
76 2 70 0.000124493 1.73993
76 3 57 0.00086879 1.59386
76 2 14 0.000915798 1.44917
76 3 26 0.00154177 1.80687
76 1 84 0.00115591 1.73161
76 2 56 0.000351409 0.618749
76 4 58 0.000349858 1.11874
77 0 43 0.000293781 1.40435
77 1 26 0.000613031 0.997757
77 1 32 0.000673201 1.80916
77 0 15 0.00155873 1.00969
77 2 10 0.000919068 1.47789
77 1 52 0.0021505 2.04247
77 3 22 0.000446331 0.5
77 2 70 0.00120351 1.92696
77 4 42 0.00153582 2.45905
77 1 38 0.00149862 0.5
78 4 52 0.00138927 1.73071
78 1 98 0.000826132 2.13869
78 0 15 0.000924706 2.17403
78 4 88 0.000674127 0.94575
78 3 46 0.000602515 1.08927
78 1 65 0.000922118 1.67622
78 0 65 0.00110838 0.736022
78 1 73 0.00150335 2.92242
78 0 12 0.00152007 0.847903
78 3 18 0.00100978 2.05902
79 3 4 0.00130611 1.34036
79 4 82 0.00136491 1.42737
79 2 44 0.000766833 1.22734
79 4 41 0.00125572 1.3769
79 2 38 0.0009227 1.75266
79 0 75 0.00159605 0.649067
79 4 78 0.00116166 1.05472
79 2 75 0.000857072 1.25263
79 4 55 0.00134036 2.74647
79 0 94 0.00117503 1.10523
80 2 19 0.000780791 1.64487
80 3 23 0.00176936 0.723263
80 1 40 0.00145239 2.29413
80 4 4 0.000793263 1.3696
80 2 56 0.000464482 1.73166
80 0 5 0.000978397 2.20161
80 1 5 0.00116434 0.961574
80 3 68 0.00148453 1.66156
80 3 74 0.0018746 0.699294
80 0 1 0.0015524 1.99051
81 0 23 0.00100383 1.02015
81 4 31 1.30184e-05 0.69296
81 1 80 0.00148921 1.53188
81 2 13 0.00125197 1.91813
81 3 10 0.00122705 2.38377
81 0 22 0.00101077 1.74649
81 2 62 0.000617836 1.53843
81 2 66 0.000762484 1.85616
81 2 24 0.000887376 1.15823
81 0 15 0.0011341 1.73166
82 2 61 0.00155184 0.803292
82 1 28 0.000890204 1.07159
82 3 96 0.00163556 0.895951
82 4 38 0.000803496 1.33121
82 3 50 0.00105137 2.22872
82 4 3 0.000133285 1.8695
82 2 2 0.00108007 1.20355
82 0 16 0.000880645 1.131
82 4 28 0.000301556 1.79666
82 1 15 0.000495043 0.661001
83 1 62 0.00170534 1.86541
83 2 49 0.00173026 1.20211
83 4 16 0.0011945 0.7278
83 4 8 0.00086664 1.82118
83 4 42 0.0012614 1.43695
83 1 39 0.000621777 1.2744
83 2 25 0.00115258 1.51863
83 3 85 0.00114756 3.32772
83 4 89 0.00115866 1.33205
83 1 76 0.000299987 1.58601
84 3 57 0.000371857 1.49193
84 0 40 0.000388491 1.59679
84 4 12 0.000888984 0.5
84 1 52 0.000631823 1.71116
84 4 2 0.000808302 1.07666
84 2 85 0.000821716 1.82978
84 1 24 0.00139822 1.32463
84 1 36 0.00111214 2.42529
84 4 29 0.000612269 1.97792
84 3 81 0.0007001 2.00766
85 0 41 0.00124785 2.19308
85 2 31 0.00163833 0.899428
85 3 3 0.000739756 1.97437
85 4 30 0.00133591 1.51516
85 3 9 0.000876913 2.16711
85 3 90 0.00110763 1.57163
85 2 76 0.00104961 1.01177
85 4 71 0.00109225 0.850433
85 2 60 0.000937223 2.4039
85 3 65 0.000697072 0.5
86 0 83 0.00121938 1.2897
86 1 97 0.00161865 1.40382
86 2 49 0.00119842 2.47225
86 1 63 0.000765359 1.53394
86 1 73 0.00124622 1.47148
86 1 89 0.000464314 1.89804
86 0 24 0.000957753 1.43355
86 1 49 0.000962899 1.57255
86 4 44 0.000199358 0.531235
86 1 31 0.00146511 1.10146
87 1 27 0.0028007 1.0956
87 2 29 0.00090217 1.5398
87 2 21 0.00216437 1.09211
87 4 79 0.000826249 0.64005
87 4 3 0.00172694 2.34874
87 0 11 0.00028238 0.691887
87 3 39 0 1.79122
87 0 35 0.00130637 1.2739
87 0 53 0.00141741 1.79584
87 4 90 0.00165174 2.32475
88 3 86 0.000946609 2.03663
88 0 98 0.00140538 1.8093
88 3 33 0.0010975 1.33672
88 3 8 0.00246764 3.00082
88 3 64 0.000420122 0.5
88 0 15 0.00102368 2.29783
88 2 56 0 1.7997
88 4 9 0.0010464 1.39604
88 3 71 0.00157461 1.21392
88 3 59 0.000518061 2.0677
89 3 60 0.000613844 1.88814
89 0 12 0.00130243 2.20539
89 4 23 0.000494803 0.937107
89 4 52 0.000491265 1.78609
89 2 68 0.000445115 1.0487
89 2 79 0.00156697 1.80068
89 1 40 0.00126587 1.72676
89 0 51 0.00116931 2.04126
89 4 83 0.000791695 1.27187
89 2 54 0.000483247 0.927382
90 3 16 0.000621452 2.50322
90 3 25 0.00122028 1.75586
90 4 62 0.000927201 0.5
90 1 60 0.000845602 0.788419
90 0 58 0.000917211 2.48681
90 1 11 0.000714973 1.1997
90 3 9 0.00176775 1.71759
90 1 78 0.0007684 1.57777
90 0 87 0.00152362 2.2321
90 3 12 0.000971184 0.854539
91 1 12 0.000745914 1.53352
91 3 75 0.00141346 2.22784
91 4 82 0.00095998 1.70663
91 3 91 0.00129428 1.24015
91 1 44 0.00133344 1.96097
91 4 64 0.00120772 1.28988
91 3 40 0.00215568 1.94875
91 4 85 0.00111382 1.71844
91 2 90 0.00013434 1.53802
91 0 18 0.00109132 1.78869
92 2 43 0.00140752 1.06727
92 1 87 0.000955329 0.98329
92 1 58 0.00115412 2.83365
92 2 58 0.00206635 0.5
92 1 88 0.00146506 2.419
92 1 15 0.000732413 2.21479
92 4 35 0.000884765 2.16917
92 4 14 0.000618114 2.62102
92 0 57 0.00159391 0.917978
92 3 69 0.00043143 1.42245
93 4 56 0.00114231 0.835486
93 0 26 0.00132779 1.96956
93 3 13 0.000695536 3.02566
93 4 25 0.000817166 1.17369
93 2 87 0 2.01249
93 0 69 0.0012254 2.194
93 2 53 0.000245997 0.5
93 4 9 0.0013631 0.671553
93 4 26 0.00102162 1.69825
93 0 28 0.00133219 1.89219
94 0 95 0.00149188 1.02588
94 0 6 0.000574889 1.66991
94 0 85 0.000875552 1.12975
94 3 5 0.000933886 1.53876
94 3 14 0.000646193 1.99768
94 0 98 0.000638774 1.62884
94 2 41 0.000242192 1.18462
94 0 6 0.000810945 1.76619
94 2 78 0.00127517 3.32355
94 3 75 0.00149174 1.4426
95 0 6 0.000618205 0.966393
95 2 81 0.00177642 1.36391
95 3 68 0.00144439 1.77559
95 0 71 0.00178953 1.75686
95 4 52 0.00197979 1.05969
95 0 59 0.000666655 1.56886
95 2 83 0 2.03552
95 0 73 0.00152455 1.40465
95 3 70 0.000746723 1.36288
95 2 63 0.000875116 0.5
96 0 27 0.00040542 1.77371
96 1 91 0.00182525 1.99274
96 3 1 0.000629085 2.02962
96 3 70 0.00107351 1.75611
96 3 52 0.00166466 1.75183
96 2 37 0.000713328 0.5
96 1 30 0.000478273 1.09626
96 4 64 0.000929206 1.41912
96 3 35 0.000804543 0.726474
96 3 70 0.0013469 1.20829
97 1 91 0.00125697 1.23664
97 2 97 0.000396911 1.10288
97 2 58 0.000465183 1.59583
97 2 43 0.00134214 1.75512
97 2 52 0.000677811 2.43019
97 0 39 0.00135847 1.30473
97 1 68 0.000974246 2.0203
97 0 63 0.000493926 1.00357
97 0 63 0.000890444 1.45078
97 3 95 0.000593726 1.58682
98 3 59 0.00019824 1.54121
98 3 85 0.00167207 1.89663
98 0 62 0.000419696 1.39609
98 1 9 0.000716665 1.89862
98 1 93 0.000481027 0.755624
98 3 65 0.00105679 1.91348
98 0 35 0.000952049 1.03759
98 1 18 0.00108371 2.03602
98 4 73 0.00128744 1.6797
98 2 7 0.00161154 1.85855
99 1 47 0.000791197 1.48479
99 3 19 0.000368546 1.06734
99 0 66 0.000834413 1.5975
99 2 57 0.000964351 1.27475
99 1 1 0.000193616 1.1269
99 3 13 0.00130146 2.71197
99 3 19 0.0013198 1.58504
99 3 69 0.000648316 0.793575
99 4 18 0.00134297 2.49929
99 2 9 0.000636041 2.41242
