0 1 80 0.00115668 1.84647
0 0 94 0.00251544 0.958358
0 2 44 0.00342035 1.74533
0 0 15 0.00172899 1.73112
0 1 46 0.0044156 1.48456
0 1 56 0.00435309 2.19759
0 1 16 0.00214099 2.36195
0 1 21 0.00353038 2.54374
0 0 91 0.00287283 2.32921
0 0 89 0.00228376 1.44517
1 2 23 0.00342841 1.81887
1 0 10 0.00269923 1.22289
1 1 84 0.00600584 0.733705
1 1 7 0.00343385 1.32758
1 0 71 0.00709648 1.34984
1 2 17 0.00353378 1.45132
1 0 75 0.00326308 1.29743
1 0 13 0.00434882 1.02268
1 0 27 0.00514085 1.55131
1 2 30 0.00428897 1.19234
2 0 1 0.00669805 1.33001
2 2 36 0.00503369 1.01183
2 1 56 0.00389135 1.65882
2 1 98 0.00300676 2.18907
2 0 44 0.00574609 1.84502
2 2 80 0.00217869 1.41402
2 1 55 0.0052336 1.26036
2 1 93 0.00350922 1.66744
2 1 22 0.000753677 2.37039
2 0 49 0.00217662 1.77644
3 0 61 0.00423953 2.45615
3 1 87 0.00315782 0.853283
3 1 60 0.00275671 1.69738
3 1 5 0.00354475 2.64453
3 1 18 0.00320927 1.35015
3 0 59 0.00285383 2.71464
3 0 41 0.00444465 2.36679
3 2 43 0.00720699 0.669576
3 1 66 0.000671552 0.95796
3 0 97 0 1.38171
4 0 79 0.00404535 1.07629
4 2 8 0.000889811 2.00759
4 0 71 0.00461485 1.57659
4 0 56 0.00221608 1.8489
4 2 6 0.00426843 0.5
4 1 41 0 1.63498
4 0 69 0.00485497 2.04927
4 1 95 0 1.11853
4 0 34 0.00603411 1.80078
4 1 46 0.0021215 1.06533
5 0 48 0.00564831 1.59067
5 2 48 0.00318095 1.28146
5 2 27 0.0039003 1.5448
5 2 72 0.00770018 1.27775
5 1 5 0.00636744 1.11857
5 1 18 0.00378193 0.5
5 2 60 0.00123274 2.06525
5 0 55 0.00574651 1.41587
5 1 67 0.00435915 0.989924
5 1 46 0.00239378 1.31889
6 0 16 0.00517316 1.5726
6 0 4 0.005194 1.43749
6 0 89 0.00245811 0.844054
6 0 2 0.00509883 0.838141
6 0 41 0.00347362 1.47331
6 2 45 0.00702988 1.8064
6 1 87 0.00486252 0.5
6 2 86 0.000850705 2.09845
6 2 87 0.00151549 1.24895
6 0 39 0.00656341 1.27679
7 2 34 0.00030516 2.49896
7 2 97 0.00570019 1.88961
7 2 57 0.00394061 1.33527
7 0 52 0.00224198 1.81837
7 0 53 0.00259727 0.640779
7 1 11 0.00613636 1.0842
7 0 89 0.00524065 1.12942
7 0 87 0.00163855 1.74302
7 1 36 0.00428826 1.34784
7 1 56 0.0025017 1.84005
8 1 94 0.00231997 1.73397
8 2 25 0.00675712 1.33775
8 2 67 0.00174914 1.17683
8 2 73 0.00591877 1.96187
8 2 30 0.0039564 1.47585
8 0 80 0.00332774 1.4371
8 0 43 0.00652933 1.24808
8 0 53 0.00372675 1.62038
8 0 96 0.00340922 2.15261
8 2 2 0.00571002 0.748387
9 1 62 0.00405536 2.22142
9 1 91 0.00182015 0.659266
9 0 90 0.00305164 0.946952
9 1 58 0.00273325 0.631192
9 0 0 0.00284365 0.946818
9 2 39 0.00428004 1.20209
9 0 66 0.00295894 0.817078
9 0 58 0.00334026 1.89216
9 1 45 0.00427528 2.00997
9 2 91 0.00289485 1.76264
10 1 15 0.00248827 0.971417
10 0 90 0.000322681 0.5
10 0 76 0.00441088 1.10125
10 2 42 0.00541446 1.73312
10 1 0 0.00370812 1.03094
10 0 83 0.00318388 1.38521
10 0 99 0.00513714 1.17508
10 2 67 0.00564281 0.694107
10 2 41 0.00538555 1.46896
10 2 90 0.00288585 1.5569
11 0 29 0.00228749 2.183
11 2 19 0.00191392 1.40592
11 2 66 0.00571463 1.06918
11 2 13 0.00547808 0.864868
11 2 96 0.00350319 1.22968
11 2 54 0.000883739 1.25668
11 2 28 0.00363133 1.29625
11 2 64 0.00398779 2.00838
11 2 9 0.00123806 2.59133
11 2 63 0.0033851 0.5
12 0 4 0.000571936 0.954743
12 1 98 0.00282691 1.56492
12 1 59 0.00367336 2.55574
12 2 91 0.00245472 1.32937
12 1 71 0.00219667 1.0169
12 0 71 0.00803235 2.16807
12 0 38 0.00290068 1.42575
12 0 97 0.0046984 1.747
12 0 85 0.00330598 1.33033
12 1 82 0.00276975 1.15817
13 1 93 0.00220259 2.34784
13 0 5 0.00377308 1.95118
13 1 24 0.00386545 1.0398
13 1 82 0.0013352 1.08347
13 0 88 0.00187283 1.03164
13 1 75 0.00704225 0.91008
13 0 18 0.00147257 0.836043
13 2 4 0.00266314 0.669866
13 2 47 0.0019023 2.91296
13 1 64 0.00310056 1.95895
14 2 4 0.004756 0.5
14 2 33 0.00461939 1.42569
14 1 74 0.00355622 1.66782
14 0 1 0.00166395 1.91201
14 1 90 0.00265751 1.56124
14 0 8 0.00203308 1.54499
14 2 70 0.00188691 2.09462
14 0 15 0.00524451 2.18105
14 1 72 0.00481649 1.70367
14 2 23 0.00577001 1.36201
15 1 42 0.00322026 2.33216
15 0 69 0.00462351 1.34668
15 1 21 0.00834235 2.47216
15 2 43 0.00332999 1.75362
15 2 49 0.00439269 1.0598
15 2 97 0.000688872 0.5
15 1 18 0.00184791 2.16193
15 1 95 0.00376496 0.585407
15 2 91 0.0023136 1.51839
15 2 75 0.00657404 0.5
16 0 11 0.0028041 0.734736
16 1 39 0.00387491 1.39857
16 0 3 0.00065425 2.18204
16 0 71 0.00217328 0.594598
16 2 8 0.00448493 2.54564
16 2 95 0.00478854 1.12506
16 1 26 0.00425601 0.71061
16 0 18 0.00319595 1.00931
16 2 69 0.00354113 0.788574
16 1 72 0.00300049 1.91843
17 1 4 0.00536972 1.8268
17 0 22 0.00500748 0.890181
17 0 9 0.00757752 2.01132
17 2 75 0.00678299 0.937413
17 1 45 0.00483121 2.67415
17 1 21 0.00107957 1.56345
17 0 56 0.00377052 1.41559
17 1 35 0.000878159 1.68139
17 1 9 0.00515599 1.65947
17 0 9 0.00686476 1.03686
18 1 4 0.0046745 1.33665
18 2 41 0.000527591 0.607397
18 2 91 0.0055987 1.53792
18 1 26 0.00445972 2.50052
18 2 98 0.00217927 0.505875
18 0 58 0.00627575 2.6418
18 1 59 0.00595716 1.31161
18 2 85 0.0065765 0.5
18 2 38 0.00311538 2.5495
18 1 72 0.00209299 2.14682
19 1 16 0 2.41699
19 0 67 0.00391455 2.45287
19 2 58 0.00343786 1.44936
19 2 44 0.00408702 0.5
19 1 93 0.00481972 2.38064
19 2 89 0.00539012 2.99147
19 1 10 0.00343273 1.01374
19 0 37 0.00363455 1.38136
19 2 36 0.00258705 1.96401
19 0 6 0.00181308 1.44064
20 2 21 0.0020789 2.33398
20 0 39 0.00384129 0.978943
20 2 87 0.00273899 1.33828
20 0 16 0.00572415 1.40344
20 2 32 0.00458942 0.616939
20 0 94 0.0018312 2.69898
20 2 7 0.00811362 1.12263
20 2 57 0.00421992 1.31695
20 1 54 0.00544227 1.01656
20 1 3 0.00185508 2.03039
21 1 22 0.00359396 1.73452
21 0 63 0.00391703 0.658743
21 2 88 0.00526496 1.47828
21 0 50 0.000151399 2.08019
21 0 93 0.00131322 1.42311
21 1 69 0.00449465 2.31818
21 1 92 0.00532851 1.54178
21 1 96 0.00712542 0.838964
21 2 62 0.00343157 1.6531
21 0 13 0.00241252 1.53187
22 1 40 0.00264845 2.55568
22 0 28 0.00288415 1.11228
22 1 72 0.00156229 1.86467
22 2 15 0.00721771 1.26023
22 2 86 0.002327 1.48371
22 1 60 0.00268874 1.19547
22 0 88 0.0060718 1.84659
22 0 89 0.00341226 2.13029
22 0 2 0.00345976 1.06725
22 0 4 0.00149717 0.657416
23 2 49 0.00462703 2.03576
23 2 34 0.00664704 1.553
23 0 29 0.00310152 1.31455
23 2 77 0.00100307 1.25476
23 0 77 0.00722256 1.3499
23 1 66 0.00140775 0.5
23 1 35 0.00190078 0.679912
23 1 50 0.00443208 1.30998
23 1 62 0.00536802 1.98466
23 2 10 0.00499225 1.03082
24 0 74 0.00318571 0.8803
24 1 46 0.00333884 1.44049
24 1 32 0.00283787 2.27841
24 1 91 0.00751891 1.55317
24 0 89 0.00566475 1.4768
24 2 0 0.00360981 1.28707
24 2 13 0.00746119 1.24516
24 2 17 0.00525932 2.61219
24 0 55 0.00526759 1.30461
24 1 12 0.00662694 1.80701
25 2 82 0.00741052 1.14629
25 2 94 0.0100637 2.34963
25 0 36 0 0.502509
25 0 20 0.00578444 1.0385
25 1 26 0.00490553 1.14426
25 2 91 0.00367479 2.41219
25 2 5 0.00339685 1.69757
25 0 48 0.00595311 2.07094
25 1 51 0.00450799 0.892796
25 2 81 0.00290317 0.996847
26 1 49 0.00537739 0.65571
26 1 96 0.00565685 2.52601
26 0 35 0.00269432 2.36184
26 2 35 0.00263121 2.85741
26 2 2 0.00346631 2.0674
26 1 41 0.00322922 1.45421
26 0 18 0.00409163 0.745166
26 0 73 0.00227767 1.37815
26 1 58 0.00472772 1.06327
26 1 17 0.00447892 1.14831
27 0 98 0.00457125 1.40329
27 0 40 0.00377215 1.7864
27 0 66 0.00213763 2.76024
27 1 2 0.00558232 1.61844
27 0 19 0.00353783 2.27623
27 2 18 0.00280904 1.06899
27 0 33 0.00195712 2.29792
27 2 44 0.00577258 0.5
27 1 97 0.00569198 2.41753
27 1 22 0.00818745 1.31754
28 0 56 0.00666391 1.70144
28 2 72 0.00501333 1.2907
28 2 7 0.00545447 0.998636
28 1 89 0.00101713 1.80264
28 2 0 0.00599807 1.27963
28 0 15 0.000829356 1.08825
28 2 70 0.00537877 1.37953
28 0 93 0.0072073 1.79106
28 0 54 0.00504751 1.24642
28 1 71 0.00212339 0.728183
29 0 44 0.00638804 1.32814
29 1 55 0.00658715 1.91613
29 2 31 0.00342298 1.97618
29 0 84 0.00405553 0.631565
29 0 91 0.00493872 1.40061
29 0 82 0.0028629 2.18226
29 1 37 0.00367436 1.65947
29 0 65 0.00562473 0.642924
29 2 6 0.00282317 0.950927
29 1 73 0.00110077 1.66628
30 0 22 0.00581761 1.06387
30 1 70 0.00789505 1.18846
30 0 54 0.00605973 1.72244
30 1 40 0.00649835 1.23087
30 0 35 0.00089681 0.5
30 1 88 0.006262 0.990995
30 2 21 0.00351874 1.87805
30 2 56 0.00277667 1.27795
30 1 60 0.00384718 1.52706
30 1 40 0.00802645 1.823
31 0 86 0.00355641 2.11073
31 0 52 0.00125845 1.04851
31 2 23 0.00429931 2.47927
31 1 54 0.00306719 1.5505
31 2 2 0.00125111 1.56234
31 0 12 0.00111436 0.850852
31 2 39 0.00662832 2.24643
31 2 36 0.00638358 0.81778
31 2 63 0.000827174 1.92509
31 0 78 0.00612772 1.56358
32 2 76 0.001908 2.06459
32 1 98 0.00329229 1.48426
32 2 5 0.00323553 1.66862
32 0 91 0.00123532 0.806888
32 0 55 0.00182321 2.19699
32 0 35 0.00496143 1.19329
32 2 30 0 1.4849
32 1 52 0.00183939 0.656083
32 1 2 0.00249941 1.71272
32 2 97 0.00497564 1.3335
33 1 22 0.00441935 1.10511
33 1 45 0.00486264 1.4712
33 2 62 0.00568761 1.22692
33 2 39 0.00665079 1.79456
33 1 67 0.0014942 1.94742
33 1 34 0.00439839 2.62908
33 0 60 0.00656814 1.97942
33 0 90 0.00231538 1.28953
33 0 10 0.00448547 1.53324
33 0 30 0.00513108 2.72121
34 0 94 0.00518656 0.820708
34 1 30 0.00221695 1.2596
34 0 19 0.00359706 1.54256
34 2 62 0.0052199 1.68102
34 2 36 0.00463336 1.93772
34 2 62 0.00287776 0.764316
34 1 76 0.00400977 2.48103
34 2 7 0.00424198 0.645185
34 1 55 0.00155884 1.248
34 0 52 0.00599979 1.92426
35 1 75 0.00338792 2.75251
35 1 30 0.0039168 1.57111
35 1 67 0.00716099 2.03516
35 0 17 0.00293595 1.11452
35 2 67 0.00316512 1.19593
35 1 42 0.00347386 1.66878
35 0 52 0.00600906 2.19078
35 1 21 0.00306509 0.872271
35 0 96 0.00678979 1.77905
35 0 83 0.00553649 1.89711
36 1 20 0.00770349 2.13763
36 1 90 0 1.06276
36 2 71 0.00678238 1.86153
36 1 86 0.00343712 2.70019
36 1 11 0.00469394 2.13965
36 1 45 0.00212468 1.29369
36 0 9 0.00216065 0.565522
36 0 29 0.00448198 1.18201
36 2 66 0.00512051 1.98317
36 2 54 0.00132386 1.87525
37 2 37 0.00440645 1.79586
37 2 46 0.00313009 1.06119
37 2 72 0.00273787 1.64447
37 1 39 0.00632509 1.22942
37 1 23 0.00221752 1.75397
37 1 96 0.00415915 1.44863
37 0 31 0.00657308 1.37634
37 0 37 0.00527792 0.633471
37 2 8 0.00214786 0.999944
37 2 21 0.00238634 2.22954
38 0 97 0.0049665 0.987756
38 1 69 0.00227944 1.29713
38 0 79 0.00640157 2.03544
38 0 79 0.00572341 0.678666
38 1 10 0 1.6704
38 2 70 0.0029069 1.18595
38 0 15 0.00226298 0.982034
38 0 61 0.00140382 1.84458
38 1 93 0.00150441 2.09711
38 0 33 0.00395638 2.55427
39 0 86 0.00789663 1.38391
39 0 41 0.000755498 1.18544
39 1 2 0.00141764 2.0775
39 2 94 0.00456554 1.33292
39 1 3 0.00672289 1.33099
39 0 52 0.00409654 1.98544
39 1 59 0.00421509 1.19082
39 1 43 0.00451146 1.80341
39 1 81 0.000283912 1.20633
39 0 72 0.00422268 1.23707
40 0 63 0.00436726 0.922446
40 1 35 0.00747395 1.20259
40 1 76 0 2.37555
40 2 30 0.00543871 1.44099
40 2 34 0.00224322 1.5128
40 0 31 0.00491367 2.22615
40 2 25 0.000189907 1.89873
40 2 10 0.00207146 1.1564
40 2 31 0.00719936 1.4967
40 0 56 0.0061107 1.24673
41 2 21 0.00319657 0.5
41 2 75 0.00499527 2.08539
41 1 16 0.0057332 0.767744
41 0 99 0.00287564 1.23528
41 0 52 0.00289832 2.82503
41 0 26 0.00497379 2.3156
41 2 37 0.00375175 1.07476
41 2 50 0.00317331 1.75962
41 2 61 0.00715505 1.64475
41 2 69 0.00487367 1.24581
42 2 38 0 1.3496
42 2 64 0.00213574 0.937701
42 1 30 0.00287814 0.5
42 1 25 0.000992881 1.87047
42 1 86 0.00378947 1.59006
42 2 89 0 0.5
42 2 64 0.00512583 0.599218
42 2 52 0.00640658 1.15653
42 0 18 0.00656593 0.5
42 0 23 0.00559765 0.615701
43 2 25 0.00456758 2.21549
43 0 66 0.00196113 1.17444
43 2 45 0.0042258 1.30901
43 2 34 0.00369165 1.57513
43 0 91 0.00359782 2.71579
43 2 89 0.00458913 1.29345
43 0 67 0.00726723 1.53314
43 1 50 0.00257595 1.65996
43 1 84 0.000486488 1.56339
43 1 98 0.00405763 1.044
44 2 15 0.00566823 1.67434
44 0 54 0.00856339 1.04212
44 2 90 0.00487867 1.04316
44 2 80 0.00606486 1.288
44 0 37 0.00418144 2.77387
44 0 72 0.00205103 1.84363
44 2 16 0.00634936 0.892798
44 2 0 0.00614235 1.27202
44 1 33 0.00446449 1.16359
44 2 73 0.00430863 1.36484
45 0 72 0 1.17694
45 0 58 0.00282849 1.44558
45 1 42 0.00376177 2.70179
45 0 46 0.00380525 2.04806
45 0 80 0.00603857 0.894602
45 0 7 0.00844945 1.7324
45 0 29 0.00702664 2.25087
45 2 9 0.00428537 1.94097
45 0 23 0.00447167 1.02972
45 1 38 0.00215419 1.92396
46 1 12 0.00432445 2.70298
46 0 10 0.00557698 1.68921
46 1 18 0.0014839 1.47253
46 2 98 0.0039298 0.5
46 2 30 0.00244274 1.1702
46 2 36 0.00297562 0.815324
46 2 96 0.0059169 0.607489
46 1 86 0.000363094 0.502325
46 0 84 0.00211174 0.792517
46 2 37 0.00676885 0.501475
47 1 3 0.00332001 2.81091
47 2 91 0.00449117 1.27381
47 1 82 0.00589278 0.851371
47 1 15 0.00544407 1.97112
47 1 50 0.00332098 1.83928
47 2 46 0.00408542 1.18777
47 0 95 0.00376664 1.19596
47 1 81 0.00513093 1.52616
47 2 85 0.00427457 1.96671
47 0 25 0.00133869 2.3306
48 1 62 0.00452152 1.86312
48 1 30 0.00508254 1.39354
48 1 25 0.00377219 1.89219
48 2 91 0.00781924 1.21592
48 0 78 0.00718631 1.91987
48 0 86 0.00159999 1.13921
48 1 49 0.00414287 2.29921
48 2 51 0.00471316 2.0814
48 0 6 0.00464295 1.97431
48 1 58 0.00456446 1.62586
49 2 20 0.00113524 2.43377
49 2 14 0.0036125 1.42598
49 0 18 0.00056931 2.73249
49 2 2 0.00486422 1.23507
49 0 43 0.00614796 1.80675
49 0 10 0.00276609 1.65248
49 0 77 0.00463372 1.31429
49 2 75 0.00343608 1.69714
49 0 28 0.00324895 2.69621
49 2 87 0.00439107 1.43555
50 1 80 0.00467946 2.1158
50 0 44 0.00647669 1.77597
50 2 92 0.00349905 0.944876
50 2 29 0.00438117 1.54951
50 0 92 0.00502743 1.45001
50 0 22 0.00537507 1.63209
50 0 65 0.0042763 1.51264
50 0 55 0.00239905 1.64965
50 2 6 0.00532783 0.5
50 0 71 0.00685229 0.792391
51 2 62 0.00303585 2.05258
51 0 11 0.00419882 3.06342
51 0 82 0.00721846 1.51595
51 0 27 0.00498412 2.75404
51 0 41 0.00373172 1.64375
51 0 42 0 0.54709
51 2 78 0.00162133 0.777153
51 2 98 0.00154963 1.29494
51 2 98 0.0036438 1.40021
51 1 3 0 0.969327
52 1 62 0.00448183 1.30751
52 2 32 0.00287442 1.14905
52 0 98 0.00295537 2.4159
52 2 96 0.00781533 1.90625
52 0 48 0.00562306 1.45349
52 2 23 0.00305983 0.862872
52 2 79 0.00114262 1.22074
52 2 34 0.00452686 0.842963
52 1 24 0.00584782 0.526205
52 1 17 0.00665528 1.26605
53 0 12 0.00447745 2.31696
53 0 84 0.00362403 2.16293
53 1 34 0.00184334 1.98533
53 1 47 0.00744142 1.42476
53 2 51 0.00421078 1.33484
53 2 87 0.00374809 1.86764
53 2 43 0 1.75741
53 0 95 0.00630337 2.4881
53 1 81 0.0037708 1.85044
53 1 97 0.00076816 1.99234
54 0 39 0.00550747 1.58273
54 2 87 0.00271763 0.5
54 1 19 0 3.00703
54 2 83 0.00691086 2.40774
54 0 24 0.00400787 1.98304
54 0 78 0.00201601 1.78917
54 1 7 0.00229279 1.52747
54 1 14 0.00206564 1.70428
54 2 15 0.000442633 1.66737
54 1 70 0.00636112 2.04014
55 2 50 0.00195836 1.69132
55 0 56 0.00239764 0.651891
55 1 98 0.00253435 1.88888
55 2 28 0.00486078 1.56588
55 1 63 0.00553667 2.00066
55 1 35 0.00555299 1.70956
55 1 9 0 1.03734
55 2 93 0.00454738 1.68291
55 0 95 0.00424794 1.77292
55 0 65 0.00496707 2.49282
56 1 11 0.00512575 2.10203
56 2 48 0.00221663 2.58545
56 1 16 0.00385534 1.7019
56 0 94 0.00229641 1.00503
56 0 63 0.00407613 2.66974
56 2 69 0.00597323 1.45856
56 2 76 0.00508446 1.52584
56 0 20 0.00423645 2.17275
56 2 66 0.00513735 1.3381
56 0 13 0.00438301 1.24152
57 1 45 0.00540167 0.7052
57 1 72 0.00381054 0.5
57 0 27 0.00623922 1.51985
57 0 66 0.00524745 2.74766
57 0 10 0.00677997 0.5
57 1 94 0.003181 0.688956
57 0 21 0.0015196 0.5
57 1 4 0.00588441 2.14889
57 1 3 0.00309173 2.16845
57 0 76 0.00607153 0.5
58 0 21 0.00400719 1.78686
58 2 68 0.00584081 2.20925
58 2 61 0.00598131 1.7555
58 0 52 0.00318204 0.580015
58 1 60 0.00449804 1.97658
58 2 16 0.00408227 2.61899
58 2 21 0.00333142 1.50103
58 2 21 0.00367205 1.61582
58 2 51 0.00565599 1.04451
58 2 49 0.00490308 2.50871
59 1 19 0.00321473 2.67698
59 0 92 0.00278799 0.801338
59 1 96 0.00147126 1.71773
59 0 10 0.00457968 2.28228
59 1 67 0.00227916 2.20797
59 1 44 0.00321301 2.12152
59 2 40 0.00378854 1.29796
59 2 85 0.00260528 1.43707
59 2 9 0.00412774 1.64696
59 2 21 0.0083629 1.95522
60 0 14 0.00149125 1.76507
60 1 74 0.00183404 1.67636
60 0 81 0.00449729 1.56074
60 2 95 0.00464337 2.33807
60 1 88 0.00143048 0.823463
60 1 59 0.000778948 2.1196
60 1 49 0.00313081 0.93264
60 2 53 0.00497828 1.49761
60 0 42 0.00461669 1.69708
60 0 17 0.00623097 1.59749
61 0 83 0.00151568 1.27712
61 1 6 0.00709892 1.62398
61 1 26 0.00554027 0.599683
61 1 46 0.00274299 1.13112
61 2 39 0.000794373 0.98579
61 2 76 0.00442864 2.3205
61 0 29 0.0024078 1.12385
61 0 62 0.00211247 0.80394
61 1 38 0.00578221 2.2993
61 1 32 0.0025778 2.48127
62 0 54 0.00258957 1.51982
62 0 49 0.00447126 1.26125
62 0 71 0.00287172 1.7933
62 1 95 0.00425158 1.41808
62 1 78 0.00185468 2.80068
62 2 25 0.00614533 1.64871
62 0 51 0.00553823 0.581615
62 2 30 0.00294269 0.949436
62 2 14 0.00149627 0.843001
62 2 44 0.00464703 2.14197
63 0 53 0.00377625 2.03659
63 0 37 0.00350291 2.49305
63 1 96 0.00101439 1.79491
63 0 75 0.00592677 2.09534
63 0 32 0.00531751 1.88085
63 1 42 0.00648072 0.5
63 0 17 0.00661686 1.19286
63 2 43 0.0028306 1.34968
63 2 58 0.00562132 1.48928
63 0 32 0.00284692 1.76791
64 0 39 0.00152913 2.59223
64 1 92 0.00692573 1.38318
64 1 94 0.00534345 1.50928
64 0 55 0.0066005 0.711846
64 0 58 0.0043422 0.927726
64 2 79 0.00392006 2.45627
64 0 36 0.0057089 0.73294
64 1 31 0.00548245 0.660306
64 0 21 0.0071334 1.76314
64 0 91 0.00223996 1.42978
65 0 52 0.00205264 1.82667
65 1 12 0.00470431 0.830295
65 1 64 0.00270917 1.328
65 0 18 0.00603439 2.53373
65 1 57 0.0050431 1.79503
65 1 56 0.00157942 0.801041
65 0 22 0.0035793 0.912458
65 1 53 0.00568582 1.18592
65 1 95 0.00296927 0.5
65 2 65 0.000709567 1.62875
66 2 22 0.00268177 1.48614
66 1 17 0.00190619 1.67066
66 0 80 0.00419547 0.5
66 2 82 0.00639019 1.97713
66 0 64 0 1.66432
66 0 73 0.00301771 2.13196
66 1 22 0.00284508 0.766045
66 1 45 0.00549962 1.75022
66 2 16 0.00286282 1.14419
66 1 79 0.00660427 1.3996
67 0 60 0.00797171 1.43387
67 0 71 0.0065957 1.73759
67 2 22 0.00146032 2.29571
67 2 60 0.00447645 0.5
67 1 97 0.00664925 1.23781
67 0 59 0.00576875 1.09649
67 2 77 0.001865 1.53838
67 2 12 0.00239302 1.36285
67 2 62 0.00364961 0.772718
67 1 10 0.00192461 0.875258
68 0 17 0.00589639 0.924093
68 1 2 0.00263932 1.69919
68 2 13 0.00680788 1.59496
68 1 19 0.00671722 1.12265
68 1 61 0.00522589 0.856204
68 2 63 0.00242469 0.5
68 2 41 0.00065229 0.688345
68 2 78 0.00447867 1.22697
68 2 66 0.00262437 1.992
68 1 82 0.00338429 2.13464
69 2 46 0.00482983 0.83734
69 0 28 0.00222077 0.5
69 0 10 0.00478441 0.661135
69 2 57 0.00373323 0.5
69 2 0 0.00370015 1.31336
69 0 15 0.0028406 1.10534
69 0 39 0.00507451 2.39918
69 2 99 0.00269417 1.57973
69 2 23 0 1.70246
69 1 25 0.00117455 1.24963
70 2 58 0.00577859 2.66642
70 2 21 0.00455632 1.77195
70 1 33 0 0.5
70 1 56 0.0060512 1.27647
70 1 62 0.00680294 1.74265
70 2 81 0.00537188 1.84422
70 2 69 0.00427798 1.03668
70 0 97 0.00144213 2.15885
70 1 21 0.00394598 1.72371
70 1 87 0.00491366 1.98949
71 1 80 0.00356493 1.31417
71 2 64 0.00443382 0.942104
71 1 62 0.00540947 2.41486
71 2 62 0.000776427 2.01755
71 2 77 0.00947784 2.15169
71 1 39 0.00341683 1.52678
71 0 86 0.00969003 1.35935
71 2 52 0.00681374 0.841933
71 0 81 0.00363512 2.32498
71 0 49 0.000817565 1.92232
72 0 55 0 0.987294
72 0 3 0.00478182 1.64739
72 1 71 0.000260474 2.07051
72 2 15 0.00722525 1.49808
72 2 52 0.00242365 1.92211
72 1 67 0.00541231 0.5
72 2 79 0.00632074 1.70119
72 1 90 0.00522399 1.70282
72 0 13 0.00662646 1.90717
72 2 20 0.00285446 2.25962
73 2 7 0.00455861 1.66802
73 1 34 0.00327194 1.20444
73 2 25 0.00324337 1.25183
73 0 15 0.00560872 1.95543
73 0 20 0.00356841 1.70896
73 1 51 0.00661336 2.67847
73 0 9 0.00218992 1.11457
73 2 83 0.00491382 1.02108
73 2 57 0.00431587 0.5
73 0 44 0.0019732 2.03439
74 1 72 0.00534099 1.6004
74 1 81 0.00282394 1.00064
74 2 25 0.00269544 1.63979
74 2 28 0 0.900356
74 0 85 0.00371061 0.727595
74 0 70 0.00430793 0.5
74 2 8 0.00315648 1.53846
74 1 57 0.000978388 1.19671
74 1 36 0.00317257 0.891881
74 1 24 0.00500544 1.16219
75 0 28 0.00475183 2.26094
75 1 68 0.00570377 1.36525
75 2 39 0.00705339 1.66391
75 0 9 0.0050605 2.06776
75 2 87 0.00422544 2.39715
75 1 63 0.00639642 0.79816
75 0 31 0.00610195 1.61967
75 0 32 0.00655574 0.987822
75 2 9 0.00268906 1.61995
75 0 17 0.00169445 1.44089
76 0 36 0.00494768 1.70019
76 0 73 0.00283879 1.00214
76 1 83 0.00484502 1.97703
76 1 74 0.00394919 0.773366
76 1 42 0.00633507 0.5
76 0 31 0.000972616 2.13928
76 1 43 0.00460095 1.86327
76 1 4 0.00135094 2.10131
76 1 90 0.00229264 0.892096
76 1 95 0.00350886 0.826961
77 0 51 0.00536945 0.912762
77 1 71 0.00646874 1.06932
77 1 58 0.00432574 2.3403
77 0 23 0.00426978 0.5
77 2 81 0.00428121 1.44406
77 2 80 0.00272407 1.7032
77 0 7 0.000815862 1.32272
77 1 3 0.00596237 0.793625
77 0 62 0 1.04203
77 2 70 0.00266652 1.64909
78 2 32 0.00118354 2.2192
78 2 61 0.00371976 1.86923
78 1 76 0.00621668 1.54688
78 0 14 0.00476584 1.37112
78 2 89 0.00786395 0.577917
78 1 0 0.00564529 0.947688
78 0 7 0.00440826 1.43956
78 0 51 0.00928118 1.57677
78 1 59 0.00416228 1.21264
78 1 66 0.00258541 1.30112
79 1 47 0.00414404 1.79646
79 0 74 0.0028145 1.78909
79 2 71 0.00472471 1.2947
79 2 9 0.00291587 2.09663
79 0 35 0.00671111 0.566178
79 1 77 0.00487521 1.78775
79 1 21 0.00552268 2.16468
79 1 36 0.00608104 0.764306
79 1 37 0.00429635 1.55198
79 1 33 0.00631213 2.31698
80 1 4 0 0.94495
80 1 7 0.000849549 1.23596
80 1 42 0.000260132 1.6417
80 2 47 0.00329534 2.32512
80 0 4 0.0055935 1.84562
80 2 75 0.00485949 2.08728
80 1 13 0.00262397 1.10448
80 0 26 0.00504863 0.68484
80 0 43 0.0046685 0.993626
80 1 39 0.00217517 2.13173
81 1 18 0.00887446 2.01893
81 1 1 0.0025329 1.396
81 2 83 0.0067755 1.13187
81 2 36 0 0.87145
81 0 4 0.000110481 0.65934
81 0 78 0.00779327 2.3902
81 2 11 0.00822109 1.51801
81 1 87 0.00443879 2.39472
81 0 51 0.00342562 2.20614
81 1 13 0.00459988 1.79778
82 1 89 0.00375204 2.41617
82 2 58 0.00423756 1.95015
82 2 46 0.00578676 0.854719
82 1 59 0.00265584 0.783519
82 0 46 0.00790374 0.855179
82 1 8 0.00125894 1.06463
82 1 95 0.00288006 1.67678
82 1 61 0.00286356 2.42017
82 0 82 0.00347322 0.939866
82 2 4 0.0040143 2.30171
83 2 20 0.00425601 1.61777
83 1 4 0.00454598 3.31011
83 2 86 0.00806509 1.62159
83 2 28 0.00466701 1.89719
83 2 40 0.0063122 2.05216
83 2 48 0.00624473 1.30445
83 1 32 0.00269665 2.27279
83 2 24 0.00348847 1.67004
83 2 26 0.00695372 1.88995
83 2 2 0.00422865 1.91313
