0 0 261 0.0216086 1.18486
0 2 223 0.0157334 2.89826
0 2 232 0.0106589 1.43938
0 0 220 0.0203809 1.29589
0 1 132 0 0.518453
0 2 168 0.0330034 1.35214
0 1 41 0.0343868 2.05491
0 2 193 0.00841058 1.47624
0 0 186 0.0102308 1.17269
0 2 260 0.0221497 1.88251
0 1 53 0.0179548 0.808817
0 1 227 0.0158107 0.5
0 1 239 0.0154174 1.24342
0 0 247 0.0262063 0.790822
0 1 243 0.0261008 1.62231
0 1 266 0.0371099 1.12247
0 2 3 0.0149595 1.85844
0 0 225 0.0158247 2.1079
0 2 10 0.0143674 1.4283
0 0 286 0.00786706 2.49529
0 1 236 0.0148848 1.25473
0 1 217 0.013967 2.18504
0 2 255 0.0256005 2.13538
0 1 43 0.0353329 2.42957
0 0 272 0.030461 1.79452
0 0 14 0.022952 1.5679
0 2 268 0.0178421 0.664289
0 0 177 0.0070556 1.7317
0 2 18 0.0247939 1.81364
0 0 193 0.00209686 1.64917
1 1 123 0.0211307 1.38918
1 0 91 0.0242017 1.26298
1 0 148 0.0288245 0.5
1 1 295 0.0168606 2.04332
1 0 128 0.0220413 2.4608
1 0 98 0.030267 1.19541
1 2 92 0.0110255 1.37719
1 1 99 0.0169642 1.3299
1 0 279 0.0147973 2.47472
1 0 225 0.0134226 1.01997
1 0 209 0.00546812 1.50972
1 2 287 0.0183797 1.44777
1 2 131 0.02039 1.62394
1 1 273 0.0244754 0.503377
1 0 102 0.0235361 1.12225
1 1 272 0 2.03753
1 2 20 0.0225215 1.42444
1 0 207 0 0.820313
1 2 280 0.0327464 1.23699
1 0 96 0.0174568 1.04477
1 1 244 0.0209992 1.60949
1 2 48 0.0330635 1.62006
1 2 257 0.0105095 1.26042
1 0 29 0.0242812 0.873168
1 0 144 0.0256658 1.30675
1 2 183 0.019106 1.6279
1 1 33 0.0133036 1.26712
1 2 29 0.0103767 1.29187
1 2 70 0.0209378 1.90337
1 0 284 0.00846994 1.6851
2 2 17 0.0203278 0.626243
2 0 7 0.028007 1.52644
2 0 165 0.046471 2.74263
2 0 63 0.0206366 1.43232
2 0 129 0.0276602 1.52804
2 2 273 0.0218396 1.93492
2 0 202 0.0231692 2.03519
2 0 131 0.0188909 2.30761
2 2 162 0.0140567 1.04579
2 0 174 0.0192216 1.2808
2 0 217 0.0107446 3.0623
2 0 25 0.0275103 0.5
2 2 221 0.0234178 2.55537
2 1 67 0.0223368 1.43606
2 1 36 0.0305769 2.15265
2 2 239 0.0244989 0.995267
2 1 292 0.0207075 2.26162
2 0 5 0 0.829875
2 0 49 0.0146806 2.79996
2 0 14 0.0175268 0.990612
2 0 23 0.0154568 2.05315
2 2 159 0.00915391 0.610129
2 0 208 0.0143169 1.4491
2 2 92 0.0138686 0.96807
2 1 132 0.0181114 0.679421
2 0 191 0.0124201 1.54139
2 2 7 0.0166365 1.19341
2 0 254 0.0414715 1.23541
2 1 137 0.0316242 1.86121
2 1 136 0.0251701 1.90934
3 0 280 0.0114865 1.82037
3 1 146 0.033705 1.49837
3 1 223 0.0268956 1.62841
3 0 124 0.0166991 1.63926
3 2 171 0.020406 1.47312
3 0 203 0.0242112 2.1261
3 0 55 0.0188513 1.84453
3 1 149 0.0171173 1.6
3 2 133 0.00362043 1.90258
3 2 45 0 1.13688
3 0 221 0.0121113 1.56705
3 2 147 0.0234412 0.588246
3 0 45 0.0152286 1.81557
3 2 87 0.0196106 1.43742
3 0 35 0.00983573 2.28218
3 0 234 0.0154924 0.5
3 2 221 0.0222894 1.95436
3 0 111 0.0133112 1.22172
3 1 123 0.00828898 1.83069
3 0 26 0.00725307 1.30024
3 2 205 0.0148553 0.827788
3 1 218 0.0111811 1.37805
3 2 253 0.0154574 2.76048
3 2 202 0.0305036 1.94862
3 0 42 0.0153642 1.43192
3 1 147 0.0110956 1.68316
3 1 196 0.029068 1.04934
3 0 9 0.0158395 1.00264
3 0 174 0.0211521 2.05289
3 2 212 0.0181184 3.08305
4 0 122 0.0186016 1.22402
4 1 238 0.0343258 1.04582
4 0 168 0.021078 1.71068
4 0 136 0.00169856 1.6052
4 1 134 0.0399394 1.12491
4 0 256 0.0144866 0.819138
4 0 100 0.0252989 2.00812
4 1 225 0.0094592 1.45193
4 0 48 0.0258215 2.21702
4 0 60 0.0126068 0.979
4 1 282 0.0135542 1.25755
4 1 200 0.026775 1.44555
4 2 254 0.0194476 0.819959
4 1 159 0.029114 1.19238
4 2 93 0.016698 1.92001
4 2 132 0.0237123 0.5
4 1 184 0.0316835 2.28467
4 1 189 0.0268812 0.601279
4 1 1 0.0103732 1.36717
4 0 83 0.00412143 2.08324
4 2 30 0.013157 2.88578
4 2 27 0.0179738 1.09797
4 2 170 0.0135874 0.5
4 0 98 0.0340679 1.5081
4 0 271 0.00423452 2.03444
4 1 134 0.021192 2.51255
4 2 169 0.029055 1.99106
4 1 44 0.0192347 1.54755
4 0 182 0.0293762 0.951725
4 0 225 0.00181474 1.3356
5 1 256 0.0256461 1.83125
5 2 186 0.0106662 1.82172
5 2 17 0.00966565 1.5075
5 1 21 0.0156351 2.02789
5 0 1 0.0351092 1.11433
5 1 275 0.0227009 2.13203
5 2 255 0.0287026 1.69645
5 1 3 0.00878079 2.40138
5 1 85 0.0364951 1.19108
5 2 262 0.0191532 1.21866
5 2 5 0.0272758 1.63453
5 1 261 0.0470493 0.946089
5 2 205 0.00391287 2.01383
5 1 198 0.0208448 1.32268
5 0 31 0.00989403 1.18646
5 1 280 0.0261241 1.26784
5 1 16 0.0287654 0.869627
5 1 201 0.0273227 2.05763
5 0 233 0.0137179 1.30228
5 2 186 0.0264211 1.90922
5 1 126 0.0359425 1.83528
5 2 169 0.0276916 1.52927
5 2 54 0.0303516 1.07701
5 2 64 0.0253147 0.618961
5 0 27 0.0352558 1.32181
5 0 2 0.0180827 1.61921
5 1 214 0.0346474 0.5
5 1 236 0.02216 1.5809
5 2 167 0.0150682 1.61973
5 0 240 0.0266568 0.668311
6 0 54 0.0332998 1.63885
6 1 108 0.024206 0.868642
6 1 264 0.0214286 1.42962
6 2 111 0.0253298 0.5
6 2 160 0.0268961 1.81675
6 0 117 0.0324699 2.26671
6 0 295 0.0208439 2.14669
6 2 158 0.0484394 0.881387
6 1 96 0.0143393 2.59404
6 0 15 0.00784452 1.2408
6 2 153 0 2.09188
6 2 213 0.0295416 1.33184
6 0 86 0.0098394 1.20996
6 0 127 0.0184131 1.02712
6 0 235 0.029871 1.35422
6 2 36 0.0274534 0.712654
6 2 189 0.0310493 1.60452
6 2 277 0.0286123 1.74951
6 1 146 0.0284992 1.11004
6 1 259 0.0250555 0.5
6 0 93 0.0154121 1.89878
6 0 156 0 1.9757
6 0 264 0.0249574 1.93916
6 1 3 0.0318192 0.502106
6 2 23 0.00394857 2.5173
6 1 238 0.0250357 1.15672
6 1 93 0.0112187 2.20985
6 0 232 0 1.3579
6 2 199 0.0265004 2.04695
6 1 103 0.0151404 2.19556
7 2 2 0.0103368 1.27209
7 1 242 0.0267841 1.31086
7 2 109 0.0222466 1.3591
7 1 273 0.0172576 1.55618
7 2 107 0.0233013 1.76794
7 1 182 0.0291264 2.05392
7 1 111 0.0238999 0.939679
7 1 274 0.0327136 1.2487
7 0 129 0.0350661 1.18112
7 0 231 0.0208904 1.59442
7 0 100 0.00239153 0.633638
7 1 86 0.0403516 1.56307
7 0 68 0.0335618 2.26172
7 0 81 0.0182032 2.05202
7 2 286 0.00796842 1.66761
7 2 271 0.0168286 1.19763
7 1 60 0.00919874 0.5
7 1 97 0.0263201 2.21727
7 2 19 0.0267586 1.03429
7 1 162 0.0263447 1.3846
7 0 134 0.0221081 2.28477
7 1 207 0.016493 0.963228
7 2 149 0.0184407 2.14497
7 0 67 0.0389861 2.21064
7 0 38 0.0130636 0.655213
7 2 0 0.0358138 1.44744
7 2 239 0.0124238 2.19592
7 2 30 0.0206526 1.17376
7 0 254 0.0195337 2.46301
7 1 128 0.0233535 1.62283
8 1 130 0.0213685 0.983182
8 1 70 0.0263482 2.50396
8 1 147 0.0325818 1.00449
8 2 171 0.0171341 0.5
8 2 159 0.0106361 1.37752
8 0 261 0.0228126 2.28858
8 0 157 0.0141404 2.68686
8 0 133 0.0189246 1.82244
8 2 39 0.0332823 2.36419
8 1 58 0.0201311 1.15122
8 2 299 0.0335537 1.04778
8 2 230 0.0210533 1.07075
8 1 168 0.0272863 2.56751
8 2 38 0.0120065 1.62061
8 1 137 0.0286173 1.1551
8 0 60 0.0385578 2.25992
8 1 39 0.0327711 2.75004
8 2 289 0.031096 0.66447
8 2 255 0.0126689 0.73697
8 2 83 0.0235396 2.19597
8 1 22 0 0.862251
8 0 46 0.0103899 1.41768
8 2 88 0.0129615 1.49114
8 2 276 0.0315358 1.37195
8 2 90 0.0210572 0.793825
8 2 178 0.0174884 1.99096
8 2 207 0.0227331 1.87837
8 2 194 0.0104556 1.85981
8 0 74 0.006899 1.68119
8 0 267 0.0191547 1.00754
9 1 112 0.0366016 0.5
9 2 34 0.0261787 2.09086
9 0 40 0.00522556 0.966588
9 0 93 0.015326 1.2002
9 2 49 0.004803 1.49088
9 0 166 0.0259352 0.89138
9 2 278 0.0300874 2.43981
9 0 25 0.00100698 2.39523
9 0 117 0.0282458 1.65167
9 1 222 0.0259624 0.5
9 0 210 0.0379089 1.90518
9 0 78 0.0178472 2.02039
9 2 37 0.0226684 1.74651
9 2 218 0.0262145 1.13557
9 0 226 0.00298081 1.64515
9 0 96 0.0237838 0.808744
9 0 123 0.0161213 1.22723
9 1 92 0.0292039 1.0424
9 0 113 0.0237024 2.20783
9 0 136 0.0119521 2.05403
9 0 26 0.00751099 2.08488
9 0 77 0.0121116 1.71625
9 0 227 0.0230996 2.08629
9 2 5 0.0168273 1.25024
9 1 234 0.00474424 1.081
9 2 158 0.0203817 0.506382
9 0 57 0.0150072 2.01671
9 2 112 0.0327117 1.4886
9 2 112 0.020388 1.1296
9 1 78 0.0332377 1.54979
10 1 246 0.0342844 1.52166
10 2 284 0.0245418 1.79373
10 0 169 0.00655938 1.38561
10 0 187 0.0311174 1.50072
10 2 269 0.0220814 2.02404
10 0 187 0.0220291 1.30901
10 0 108 0.028935 0.965054
10 1 118 0.0155747 1.00771
10 2 192 0.0175971 2.5521
10 2 100 0.0151371 1.7234
10 1 153 0.0296717 2.17497
10 2 95 0.0249066 2.56543
10 0 233 0.0267492 1.46882
10 1 19 0.00857221 1.66387
10 0 232 0.0226141 1.06099
10 1 156 0.0340193 2.47669
10 2 87 0.02364 2.15918
10 1 212 0.0234848 1.9867
10 1 35 0.0348795 1.17799
10 1 229 0.0213493 1.76803
10 1 164 0.0185075 1.64899
10 1 242 0.0163796 0.809265
10 0 15 0.0364963 3.19459
10 1 295 0.0405978 1.51662
10 2 256 0.0242118 1.07184
10 2 124 0.00521403 1.12876
10 0 268 0.0276444 0.5
10 0 27 0 1.08883
10 2 38 0.0275613 1.21484
10 0 236 0.0199034 1.33182
11 0 172 0.0373248 1.87057
11 2 80 0.0182934 2.15
11 0 31 0.026257 0.954785
11 0 37 0.0125305 2.26549
11 2 177 0.00986063 1.69821
11 0 85 0.0366242 0.994274
11 0 108 0.0167603 1.83368
11 2 186 0.0216979 2.19226
11 0 115 0.0186531 2.60912
11 0 255 0.0203672 2.03252
11 1 5 0.0257135 0.552147
11 2 254 0.0275079 1.24934
11 1 75 0.0263141 0.5
11 0 171 0.0209446 0.999469
11 1 174 0.015193 1.33659
11 0 203 0.0142931 1.62647
11 2 21 0.00833713 1.50131
11 0 93 0.0252332 2.38049
11 2 221 0.0214787 1.84937
11 2 187 0.0437647 0.828814
11 0 135 0.0142726 0.742515
11 2 225 0.0330486 1.72927
11 0 217 0.0228684 1.66714
11 2 25 0.0129903 0.709483
11 1 233 0.0262316 0.5
11 0 25 0.0294807 1.41807
11 1 195 0.0280926 1.70529
11 2 113 0.0296044 0.684086
11 0 12 0.0203241 0.909624
11 2 282 0.00449296 1.93914
12 2 85 0.0198816 1.30829
12 0 244 0.021517 1.98534
12 1 23 0.00578038 1.37922
12 1 53 0.00246036 1.8342
12 2 299 0.0246976 1.3607
12 2 171 0.0262581 2.03894
12 2 83 0.0378201 1.50274
12 1 236 0.0132027 0.5
12 0 208 0.0287271 2.05413
12 1 108 0.0064011 1.73689
12 2 46 0.00892465 1.34603
12 0 156 0.00540902 1.66918
12 1 92 0.0112748 1.43999
12 0 154 0.0313528 1.561
12 1 271 0.0234343 1.97088
12 1 32 0.0215643 0.679912
12 2 2 0.0111236 2.68391
12 1 98 0.0127652 0.683487
12 1 141 0.0270094 1.12359
12 1 222 0.0224327 1.39912
12 1 152 0.0305748 2.59726
12 1 115 0.00263427 0.934777
12 1 235 0.0303652 1.03882
12 0 140 0.0245384 1.31898
12 0 197 0.0260476 1.18381
12 0 287 0.0245771 1.14365
12 0 250 0.0145078 1.83508
12 2 42 0.00625304 1.99633
12 0 166 0.0285431 1.76889
12 2 181 0.0328199 2.49963
13 2 117 0.0237959 1.15384
13 2 160 0.0273816 0.753375
13 2 69 0.0228628 0.5
13 1 262 0.016388 1.30154
13 0 93 0.013801 1.35174
13 0 197 0.0121683 1.98384
13 1 111 0.0159274 1.73548
13 0 221 0.0235145 0.5
13 1 262 0.0136571 1.07894
13 0 219 0.00493173 1.97357
13 1 72 0.0284639 1.50303
13 1 118 0.0223149 1.21645
13 2 180 0.0217004 1.25773
13 1 29 0 1.37214
13 1 105 0 0.86851
13 2 107 0.0125188 1.24646
13 0 3 0.0389502 1.61833
13 0 177 0.0310287 2.17859
13 0 134 0.0152536 3.22445
13 2 132 0.0170153 1.08328
13 1 221 0.0329706 1.33478
13 2 49 0.0153414 0.522177
13 1 121 0.00733311 1.50659
13 2 241 0.00676672 1.29385
13 1 58 0.0215725 1.79626
13 1 100 0.0105482 0.5
13 0 142 0.0185431 2.36402
13 2 36 0.00143082 2.09253
13 1 292 0.0231028 2.0868
13 0 123 0.0257609 0.885059
14 0 94 0.0277239 2.43503
14 2 107 0 1.53847
14 0 166 0.0221367 1.3611
14 0 251 0.0185334 1.27035
14 2 6 0.0178308 1.69389
14 0 290 0.0207314 0.755453
14 0 183 0.0138063 0.854118
14 1 204 0.0180019 1.53742
14 0 18 0.0162498 1.5477
14 1 80 0.0265113 2.56812
14 0 298 0.0258888 2.02577
14 1 173 0.0185678 2.37888
14 0 244 0.018102 1.23352
14 1 90 0.0162625 1.3341
14 1 33 0.00855085 2.38597
14 2 204 0.0164249 1.84248
14 1 13 0.00887963 0.5
14 0 233 0.0213993 1.82783
14 2 276 0.00485576 2.07278
14 0 96 0.0204928 0.5
14 0 231 0.0148807 1.60319
14 1 123 0.0257248 0.89326
14 1 152 0.0228819 1.85316
14 2 298 0.0246796 1.47216
14 2 248 0.0165679 1.80378
14 2 290 0.0139373 1.68298
14 2 30 0.0369009 1.51378
14 0 154 0.0162594 1.81621
14 2 215 0.0268428 1.61954
14 2 78 0.030714 1.63148
15 0 194 0.0114283 2.30189
15 1 185 0.0138581 1.77242
15 2 290 0.0167035 2.42092
15 2 156 0.0295751 1.55685
15 0 89 0.0205008 1.0355
15 1 128 0.0427234 2.24283
15 2 186 0.0257294 1.13356
15 2 32 0.0286011 1.9497
15 1 182 0.0109401 1.68256
15 1 124 0.00040806 1.03842
15 2 197 0.0116948 1.99186
15 2 27 0.00765356 2.52592
15 2 297 0.00629123 2.05825
15 2 168 0.0380438 1.25878
15 2 209 0.0293881 1.45986
15 1 171 0.0200176 1.93386
15 2 223 0.0175085 0.623816
15 2 80 0.0122017 0.79275
15 1 153 0.0109897 1.75056
15 2 164 0.0280106 2.52104
15 2 235 0.00773224 0.5
15 0 172 0.035973 1.38273
15 0 177 0.00948945 2.24049
15 1 108 0.0220814 2.10126
15 0 86 0.0321019 1.14219
15 1 281 0.0190446 0.942413
15 0 90 0.0281966 2.22725
15 2 253 0.0146848 1.00212
15 0 156 0.0391885 2.3
15 0 120 0.0399144 1.76011
16 2 17 0.0187101 0.911537
16 0 191 0.0226787 1.88244
16 1 103 0.0247401 2.15625
16 1 30 0.0288266 2.63528
16 0 58 0.0125932 0.747314
16 0 230 0.0162959 1.00638
16 0 33 0.00716014 2.26062
16 2 106 0.0115979 0.642662
16 2 200 0.0223651 1.65708
16 0 183 0.0226136 1.82151
16 0 120 0.0459241 2.58596
16 2 251 0.0225031 1.95623
16 0 243 0.00627524 1.15543
16 2 284 0.0118285 0.5
16 1 118 0.00814603 0.5
16 2 42 0.020031 1.65319
16 1 129 0.0149604 1.09651
16 2 19 0.0277036 1.84872
16 2 170 0.0226803 0.5
16 1 191 0.0407426 1.2519
16 2 286 0.0218507 1.49057
16 0 33 0.0089782 1.17852
16 1 46 0.0159301 0.88436
16 2 109 0.0116867 2.20679
16 2 30 0.0129807 1.49249
16 1 102 0.0239675 0.598251
16 0 89 0.0217068 1.48865
16 2 286 0.00205556 2.4777
16 1 107 0.0319225 1.77577
16 0 149 0.00692059 1.99922
17 2 181 0.00611014 1.4561
17 2 232 0.0157671 1.61706
17 0 13 0.0254922 1.76544
17 2 125 0.0133203 1.04206
17 0 191 0.013357 1.51525
17 0 259 0.0481828 1.56665
17 1 246 0.0293679 0.5
17 2 10 0.023726 1.45209
17 1 271 0.0202113 2.0903
17 2 178 0.0280243 2.03601
17 1 209 0.0374926 1.49105
17 0 74 0.0160192 1.46251
17 0 247 0.0277073 0.935662
17 0 30 0.0268381 1.91254
17 2 203 0.025303 2.45396
17 0 78 0.0192113 1.48132
17 1 225 0.0311265 1.15706
17 1 280 0.0304244 0.850599
17 0 293 0.0242959 1.34458
17 2 23 0.0153482 2.30618
17 2 290 0.020029 3.09939
17 2 105 0.0421626 1.78325
17 0 193 0.0227313 1.22481
17 0 123 0.0274635 1.68241
17 0 236 0.0347805 1.99901
17 2 86 0.0307928 1.85728
17 1 239 0.0262127 1.70667
17 2 4 0.00571493 2.05023
17 0 175 0.00516963 1.10713
17 1 61 0.0222669 0.701
18 0 183 0.0168927 2.4454
18 0 20 0.0137842 0.5
18 1 107 0.010758 1.51527
18 2 234 0.00505745 1.73379
18 2 118 0.0241289 2.21062
18 2 180 0.0228879 2.51727
18 2 108 0.0268406 1.29458
18 0 135 0.0522375 3.0183
18 1 192 0.018101 2.59971
18 2 261 0.00491301 0.508329
18 2 23 0.015464 1.69391
18 0 292 0.0021639 1.08383
18 2 229 0.025996 1.73491
18 2 180 0.0252012 1.13406
18 0 118 0.0136089 1.31745
18 1 98 0.00873652 1.61958
18 0 188 0.0130676 2.8066
18 2 168 0.0219556 2.04447
18 2 131 0.0361702 1.19404
18 1 250 0.0162622 1.88025
18 1 123 0.0140943 1.15902
18 1 42 0.0204663 2.91069
18 1 17 0 1.21973
18 1 65 0.010939 0.521236
18 1 135 0.0349391 1.04439
18 1 29 0.0291453 1.58421
18 2 1 0.0223453 0.5
18 0 253 0.0231921 1.41962
18 0 287 0.0123037 2.69334
18 0 6 0.0217141 0.920318
19 2 78 0.0209711 1.93
19 2 12 0.0327176 1.21971
19 0 167 0.0135275 1.22638
19 1 86 0.0258169 0.935643
19 2 164 0.00681737 1.68967
19 2 106 0.0105513 1.09598
19 1 179 0.0339916 1.18887
19 1 14 0.0218577 1.75834
19 0 44 0.0331454 1.06911
19 0 188 0.0158389 2.42069
19 0 145 0.020139 1.4204
19 2 225 0.0276023 0.963645
19 0 149 0.0252037 1.23189
19 0 165 0.0163412 2.04988
19 1 51 0.0138387 0.986272
19 1 71 0.00989924 1.7972
19 1 213 0.0152884 0.97886
19 0 299 0.0205095 0.847845
19 0 148 0.0211176 1.86085
19 1 144 0.02032 1.94019
19 2 277 0 2.01607
19 0 14 0.0133239 2.60739
19 1 155 0.0129193 2.22376
19 2 138 0.0267696 1.23683
19 0 74 0.0221924 1.90926
19 1 270 0.0150569 2.15415
19 2 152 0.00313709 2.35766
19 1 26 0.0410842 0.950222
19 2 248 0.0149166 2.11296
19 0 263 0.0134186 2.19881
20 2 147 0.0228497 1.0239
20 0 162 0.0159271 2.05974
20 0 209 0.0293624 1.34013
20 2 249 0.0381603 0.707396
20 2 237 0.0316812 2.29812
20 1 177 0.0215886 0.91185
20 0 33 0.00956959 0.557392
20 2 116 0.0232354 2.79049
20 2 178 0.0178387 2.24767
20 0 144 0.0312322 2.40481
20 1 245 0.0213073 1.21521
20 1 24 0.0155067 0.5
20 2 27 0.0177779 1.93102
20 0 233 0.031092 0.965072
20 2 143 0.0127494 1.24514
20 1 118 0.0144932 1.87657
20 0 212 0.0155309 1.79799
20 2 191 0.0227112 2.00554
20 2 269 0.0132935 1.66031
20 1 192 0.0073744 1.55481
20 2 46 0.0325155 0.508761
20 2 23 0.00282867 1.65963
20 2 211 0.0197633 1.31773
20 0 148 0 2.01227
20 2 163 0.0316259 1.07103
20 0 197 0.0104728 1.56267
20 1 82 0.0279237 0.996157
20 0 98 0.0257928 1.39447
20 0 101 0.0278347 1.36575
20 2 10 0.0131966 1.95683
21 2 188 0.0044349 2.57443
21 0 39 0 1.79443
21 0 14 0.0367886 2.19408
21 1 251 0.00545154 1.88234
21 2 228 0.01447 0.554727
21 2 248 0.0360865 0.905905
21 1 50 0.0274601 0.825099
21 1 193 6.17789e-05 2.63468
21 2 176 0.0337756 1.97729
21 2 136 0.00849928 1.34265
21 0 222 0.00996162 2.13729
21 0 189 0.0404009 1.40927
21 2 103 0.0220142 2.0455
21 0 166 0.0248167 3.01391
21 1 225 0.0385111 1.74877
21 2 212 0.0143577 0.625549
21 0 83 0.0352784 0.814216
21 1 221 0.0364296 1.2278
21 2 266 0.0258041 1.01897
21 0 160 0.0339142 1.6204
21 0 90 0.0121658 2.10463
21 1 210 0.0216302 1.43135
21 1 109 0.0091582 1.20848
21 0 77 0.0364554 1.75513
21 2 209 0.00803302 1.44783
21 0 120 0.0147507 2.41021
21 1 289 0.0145733 1.56021
21 1 40 0.0134155 0.96479
21 0 187 0.0166921 0.943676
21 2 166 0.0443593 1.17528
22 0 74 0.00790653 1.43314
22 1 127 0.0280751 0.5
22 0 23 0.0209045 1.07864
22 2 136 0.0278966 1.81232
22 0 252 0.00830596 1.63164
22 2 23 0.0170524 1.76879
22 0 282 0.0244801 2.33642
22 2 201 0.0293414 2.24549
22 0 228 0.0180108 1.26902
22 1 29 0.0208146 1.69882
22 2 249 0.0289485 1.25055
22 2 275 0.013327 2.30835
22 0 99 0.0114054 0.648702
22 2 48 0.0429934 1.45882
22 1 223 0.0292168 1.59598
22 1 254 0.0249167 2.17888
22 1 162 0.0185689 1.6304
22 2 170 0.0363592 1.28776
22 0 115 0.0103746 1.24311
22 0 267 0.00219563 0.5
22 1 198 0.00597076 1.942
22 2 205 0.0320486 0.503117
22 0 215 0.0152686 1.89532
22 2 268 0.0281191 1.24372
22 1 237 0.0239023 1.8358
22 2 217 0.019849 1.87921
22 2 20 0.036123 2.18617
22 2 207 0.0136948 1.74519
22 0 282 0.0252464 1.17331
22 1 204 0.0157255 1.69127
23 0 109 0.0293257 2.44765
23 0 40 0.0346649 1.75686
23 2 23 0.031624 2.17822
23 1 126 0.0141343 2.0489
23 0 220 0.0232041 1.65176
23 0 119 0.0410011 2.3173
23 1 58 0.0302031 2.14027
23 1 111 0.0210885 1.37425
23 0 210 0.0115445 0.928397
23 0 234 0.0298732 0.803753
23 1 111 0.000485894 2.43381
23 2 227 0.0310896 1.22786
23 0 196 0.0324194 0.965082
23 1 64 0.0278154 0.917215
23 1 57 0.0242248 0.977111
23 2 258 0.0236885 1.84977
23 2 68 0.0299966 0.88064
23 0 175 0.0157165 1.14764
23 2 168 0.0228919 1.73683
23 2 255 0.015451 1.5869
23 1 158 0.0116983 1.50929
23 0 273 0.0275973 1.64788
23 0 103 0.0274786 1.56215
23 0 117 0.0177221 1.01734
23 1 228 0.0201734 1.19191
23 1 185 0.0216648 2.06021
23 0 84 0.0270765 0.597318
23 2 140 0 1.75464
23 2 52 0.0145304 1.98268
23 0 289 0.0154799 1.9235
24 1 220 0.0114382 1.86093
24 1 4 0.00771324 1.08227
24 0 70 0.00910294 1.28564
24 1 242 0.0221711 1.1367
24 1 291 0.0262845 2.03125
24 1 273 0.0333516 1.11091
24 1 165 0.0322247 2.72353
24 1 241 0.013041 1.50222
24 2 193 0.0337276 1.22198
24 0 35 0 1.10215
24 0 114 0.0261074 2.35948
24 2 198 0.0276322 0.825395
24 1 164 0.0227311 1.70858
24 2 15 0.025567 1.59358
24 2 265 0 1.90283
24 1 256 0.021529 0.927805
24 0 203 0.0180463 0.5
24 0 283 0.0130102 0.5
24 1 19 0.0222475 1.50759
24 1 224 0.0277232 1.73749
24 0 56 0.0208991 0.783993
24 0 110 0.0191656 1.35151
24 1 152 0.00588625 2.49422
24 1 184 0.0307478 0.766155
24 1 71 0.0110329 2.71059
24 1 261 0.014742 1.07825
24 2 182 0.0214759 1.17929
24 2 81 0.0248226 1.67656
24 1 8 0.0256835 2.01209
24 0 287 0.0208777 1.43914
25 0 25 0.0316214 1.27291
25 2 171 0.00804697 0.697085
25 0 179 0.0282669 1.85
25 2 144 0.0209208 0.925688
25 2 159 0.0242987 2.47205
25 1 230 0.014359 1.21707
25 0 124 0.0367731 2.13962
25 2 136 0.0418994 2.379
25 2 169 0.0223315 2.66641
25 2 85 0.0337924 1.54642
25 0 289 0.0188936 1.21155
25 0 249 0.028275 1.93674
25 0 185 0.0373509 1.22837
25 2 256 0.0134941 1.24158
25 0 64 0.0231909 1.45094
25 0 289 0.0287201 1.8025
25 1 135 0.0255802 1.39553
25 0 59 0.0088507 1.39007
25 1 236 0.0241669 1.85107
25 1 269 0.0280675 0.818744
25 1 176 0.00151304 0.84192
25 0 24 0.0246756 1.59166
25 0 45 0.0198857 0.882475
25 0 69 0.00280808 0.5
25 1 299 0.00928686 1.45961
25 1 55 0.0266056 0.870964
25 1 204 0.0321324 1.84723
25 1 108 0.0173061 2.08092
25 2 196 0.0253399 0.96658
25 0 175 0.0223932 1.80179
26 0 197 0.0394713 1.47635
26 1 255 0.0245432 1.81171
26 0 216 0.0272741 1.93607
26 2 169 0.0198474 1.64478
26 1 195 0.0156451 1.17629
26 0 243 0.0179474 2.95716
26 1 123 0.00935159 2.26418
26 2 209 0.016606 1.0871
26 2 290 0.0288461 1.93281
26 0 118 0.0268526 1.54425
26 0 283 0.0292118 1.12378
26 2 157 0.0173463 1.37238
26 1 258 0.0094804 0.825274
26 2 112 0.0153678 0.5
26 2 29 0.0194343 1.22432
26 0 231 0.027405 1.83548
26 1 151 0.0239777 0.620115
26 2 81 0.0280597 2.45883
26 2 199 0.0325018 0.647655
26 1 50 0.0134856 2.57731
26 2 83 0.0393368 1.87577
26 1 136 0.0350624 1.27438
26 1 219 0.0197042 1.58439
26 1 227 0.00999016 2.29659
26 0 270 0.0169278 0.661755
26 0 107 0.0320847 2.30023
26 1 274 0.0105074 1.28897
26 0 183 0.0199308 1.5753
26 1 100 0.0240558 0.69314
26 1 41 0.015693 1.90118
27 2 256 0.0254603 1.56108
27 0 140 0.0142588 1.26189
27 0 166 0.0130343 1.63828
27 0 17 0.027241 1.4232
27 2 34 0.028342 2.06873
27 0 132 0.0224187 1.19481
27 0 243 0.00821268 2.49295
27 1 278 0.0317355 1.98492
27 1 104 0.00668879 1.37703
27 1 255 0.0245197 0.680672
27 0 299 0.0209333 1.25315
27 1 254 0.0230595 1.57111
27 1 146 0.0136786 1.63042
27 0 214 0.0176294 0.857278
27 1 13 0.0301921 2.27235
27 1 199 0.0345505 1.71936
27 1 6 0.0161649 2.11001
27 1 28 0.0190537 1.22717
27 1 270 0.0388774 2.36801
27 2 79 0.0180691 2.64142
27 1 159 0.0206667 1.76845
27 2 247 0.0268469 0.771673
27 2 190 0.0204843 1.73189
27 1 141 0.0104998 0.5
27 1 48 0.0148311 1.56677
27 1 136 0.0226137 1.51823
27 2 170 0.021204 1.54198
27 2 179 0.0269667 1.60215
27 1 185 0.0155969 1.52365
27 1 46 0.021398 1.12618
28 1 187 0.029244 2.83912
28 2 98 0.0270564 2.49149
28 0 224 0.0412878 1.66891
28 0 245 0.0314334 2.40305
28 2 23 0.0256506 1.37022
28 2 216 0.0192184 1.27255
28 1 222 0.00985966 1.39657
28 1 17 0.00366144 0.933347
28 0 67 0.00424696 1.42436
28 2 62 0.021932 2.09293
28 0 229 0.0280331 1.74261
28 2 275 0.0211787 1.00657
28 2 176 0.0218778 1.11828
28 0 91 0.0159587 0.5
28 2 222 0.0258705 1.54667
28 2 38 0.0198886 1.90722
28 1 194 0.00742712 1.41678
28 2 38 0.0264146 1.9665
28 1 4 0.0191471 2.30653
28 0 183 0.016548 1.19496
28 1 254 0.0375298 1.24924
28 2 121 0.0246985 1.60206
28 2 47 0.00895909 1.10725
28 0 120 0.0152327 1.2556
28 0 70 0.0148794 1.36895
28 0 19 0.021245 1.40859
28 1 62 0.027709 1.8032
28 0 178 0.0267082 0.5
28 2 197 0.0131018 1.06211
28 0 37 0.0360144 1.66007
29 1 178 0.0253227 1.79288
29 2 265 0.0226469 1.0099
29 2 143 0.0190355 1.0463
29 0 283 0.0191478 1.24572
29 0 104 0.0172335 1.75633
29 2 49 0.0115536 2.41008
29 0 208 0.0206306 1.38099
29 0 212 0.00882065 1.22315
29 1 39 0.0113291 2.27285
29 1 53 0.0358768 0.696199
29 1 162 0.00841378 0.5
29 1 90 0.0276157 1.8981
29 2 70 0.0307143 1.55374
29 2 155 0.0302566 0.5
29 0 71 0.0305548 1.18323
29 2 185 0.019031 1.27956
29 1 164 0.0210651 1.40105
29 0 284 0.0236442 0.761691
29 0 14 0.0227212 0.5
29 1 98 0.00882873 1.92072
29 1 236 0.0264678 0.5
29 2 20 0.0259606 1.55804
29 2 247 0.0186541 0.5
29 2 71 0.0252623 2.60409
29 2 246 0.0319827 1.1632
29 1 199 0.0298968 1.21907
29 2 286 0.0254324 1.25424
29 0 42 0.0146128 1.54089
29 0 55 0.0222827 1.60295
29 2 80 0.00838633 1.91407
30 1 93 0.0283303 1.64803
30 0 52 0.0138274 1.03246
30 1 152 0.0351018 2.64988
30 2 133 0 2.01221
30 0 172 0.0298505 0.5
30 2 35 0.0238634 1.45308
30 1 219 0.0045983 1.32026
30 1 140 0 1.94369
30 2 218 0.028671 1.61874
30 0 276 0.0264249 0.730896
30 1 158 0.0383109 1.63736
30 1 92 0.0348816 1.55535
30 0 40 0.0261609 1.81447
30 2 238 0.0263967 1.78306
30 1 203 0.0173938 1.39617
30 0 92 0.0143544 1.72641
30 0 105 0.0142521 1.59978
30 0 274 0.020499 2.00111
30 2 104 0.0153432 0.5
30 0 13 0.0246919 1.68273
30 2 174 0 1.88598
30 2 176 0.0300311 0.5823
30 2 245 0.0286959 1.50638
30 1 232 0.0272316 2.43315
30 0 272 0.0395939 0.910194
30 0 293 0.0266347 2.28172
30 2 23 0.0121239 2.3824
30 2 138 0.0276024 2.10954
30 2 281 0 1.87045
30 2 30 0.018358 2.08008
31 0 24 0.0177681 1.23316
31 1 17 0.0127019 1.50481
31 1 166 0.00834858 1.23885
31 0 3 0.0253688 1.81413
31 1 201 0.0205365 2.97569
31 0 176 0.0275244 0.967728
31 1 265 0.0135181 1.94345
31 2 182 0.0205258 2.1835
31 0 239 0.011737 1.18528
31 0 297 0.011957 0.764921
31 0 251 0.0481425 1.06979
31 1 252 0.0400241 0.726623
31 1 167 0.00669303 1.98989
31 2 275 0.0241503 1.82075
31 2 140 0.0181793 1.33185
31 0 296 0.0119052 0.5
31 1 92 0.00536325 1.89875
31 2 270 0.0126695 1.01916
31 2 267 0.044609 1.6693
31 0 18 0.00854461 1.32243
31 0 93 0.00679214 2.55873
31 2 49 0.0235766 1.47941
31 0 121 0.0146649 1.1408
31 0 95 0.0212165 1.54099
31 2 166 0.0182166 1.21407
31 1 242 0.0262363 0.873765
31 1 259 0.0144142 1.47973
31 2 205 0.0111753 1.37248
31 2 245 0.0363808 1.05088
31 1 71 0.0344882 1.77233
32 0 128 0.0183092 0.5
32 0 126 0.0311673 2.031
32 0 166 0.0168364 2.04126
32 0 75 0.0328335 1.88791
32 0 66 0.00912114 1.30188
32 2 284 0.0223763 1.4721
32 2 115 0.00983178 0.5
32 0 236 0.025051 2.69079
32 1 268 0.0213016 1.40592
32 2 168 0.0107948 0.976112
32 0 52 0.0292087 1.71693
32 0 48 0.00644505 0.95405
32 1 221 0.0278734 1.10725
32 2 218 0.0105924 2.01272
32 2 212 0.0213876 1.85255
32 2 72 0.0195028 1.04281
32 1 137 0.0370889 1.8724
32 1 84 0.0464936 1.66461
32 0 260 0.00722978 1.69487
32 0 177 0.0198784 2.33735
32 1 102 0 1.73789
32 2 149 0.0329391 2.72601
32 2 183 0.00630651 1.84778
32 2 147 0.0155544 0.62089
32 1 158 0.0319548 0.5
32 1 256 2.61505e-05 1.12636
32 2 131 0.0270608 0.5
32 0 115 0.0322241 0.659325
32 2 46 0.0148434 1.2785
32 2 158 0.00901025 0.891512
33 0 3 0.0447973 1.96656
33 1 8 0.0119873 2.68249
33 2 137 0.00823162 1.81619
33 0 123 0.0153123 0.924088
33 0 166 0.0251404 1.35288
33 0 240 0.00692187 1.41667
33 0 281 0.00130652 1.51273
33 2 0 0.0235395 1.32593
33 1 150 0.031145 2.80563
33 0 40 0.0346913 1.90828
33 1 101 0.0136261 1.63721
33 1 94 0.0195962 0.874649
33 1 105 0.0212344 1.8525
33 1 281 0.0144777 1.0819
33 2 250 0.0222236 0.870308
33 1 77 0.0291162 1.5694
33 0 297 0.0233495 0.5
33 2 162 0.0150118 0.5
33 2 98 0.0260763 2.08363
33 2 282 0.0192654 2.11178
33 2 118 0.0278442 1.95336
33 0 72 0.00214382 1.42279
33 1 264 0.0202607 1.1976
33 0 146 0.0332257 0.5
33 2 167 0.0271178 0.899405
33 1 146 0.0281714 2.31673
33 2 69 0.0241952 1.89153
33 1 74 0.0177462 2.01644
33 0 245 0.0250002 1.62988
33 2 85 0.00933222 2.37384
34 0 207 0.0213294 2.06685
34 1 92 0.0182833 1.04234
34 0 70 0.0145355 1.87128
34 1 209 0.00480309 0.727059
34 0 245 0.0185541 1.69733
34 1 178 0.00311425 0.698265
34 0 19 0.0195741 1.94603
34 0 17 0.0475109 1.43906
34 0 127 0.0247407 1.88319
34 2 172 0.0365777 1.90499
34 1 227 0.00665907 1.50984
34 2 0 0.0146536 2.16093
34 2 51 0.0222022 0.89469
34 2 38 0.00341471 1.66198
34 1 17 0.0179486 1.48497
34 2 146 0.0250059 1.54654
34 0 232 0.0144285 1.18772
34 2 8 0.0283862 1.70335
34 2 94 0.0218134 0.753628
34 0 282 0.0186072 1.52159
34 2 187 0.0220489 0.784661
34 2 212 0.030008 1.43356
34 2 282 0.020259 2.11453
34 2 3 0.0386398 1.23552
34 2 155 0 0.894473
34 0 230 0.010154 1.19034
34 0 169 0.03706 2.43282
34 2 55 0.0204471 1.17373
34 2 249 0.0346637 1.43623
34 0 159 0.0163023 0.601435
35 2 126 0.0512999 2.0357
35 2 187 0.0322034 2.49507
35 0 239 0.0230669 0.5
35 2 183 0.0171133 1.42153
35 0 83 0.0205424 0.806012
35 1 199 0.0148374 0.693928
35 1 277 0.00881775 2.02982
35 2 297 0.0215792 1.45197
35 0 5 0.0158311 2.56626
35 0 165 0.0157944 1.2991
35 2 225 0.0386917 1.18147
35 0 175 0.011315 2.16423
35 2 73 0.0141825 0.5
35 2 210 0.0291651 1.20613
35 2 222 0.0335111 1.10873
35 2 186 0.0340532 1.22147
35 0 204 0.0175617 2.14546
35 2 263 0.0225479 0.926833
35 1 70 0.0288269 1.74167
35 0 42 0.0326567 2.27024
35 0 207 0.00942005 1.57899
35 0 162 0 0.87742
35 0 277 0.0127886 1.38012
35 1 30 0.021183 1.66615
35 2 299 0.0289391 1.07144
35 1 101 0.0129718 1.87912
35 1 205 0.0159354 1.13407
35 1 281 0.0292542 1.08151
35 2 2 0.0158202 1.9911
35 0 240 0.0193459 0.908402
36 2 85 0.0114213 0.983164
36 2 219 0.010182 2.0282
36 2 90 0.0173324 0.598629
36 0 45 0.0203135 1.84723
36 0 4 0.022225 0.689663
36 0 241 0.00627965 0.919743
36 1 123 0.0274241 1.24085
36 2 192 0.0190083 1.22937
36 0 28 0.0210793 1.92983
36 2 168 0.0277318 0.908927
36 2 3 0.0101405 1.43917
36 0 155 0.0208743 1.40759
36 2 142 0.0354571 1.57189
36 2 137 0.0131444 1.24001
36 1 27 0.0143178 0.582226
36 0 299 0.0113054 1.25369
36 1 229 0.0203133 1.69072
36 2 14 0.00868338 1.83485
36 0 46 0.0224335 0.968066
36 1 135 0.0343351 1.08642
36 2 121 0.0111048 2.07186
36 0 14 0.0203174 0.997627
36 2 79 0.0135697 2.18076
36 0 218 0.0249757 1.03608
36 0 136 0.0296096 2.02876
36 2 285 0.0182336 0.5
36 1 136 0.0180783 1.29637
36 0 146 0.0188834 2.15656
36 0 192 0.0141885 1.58399
36 0 113 0.0101615 1.21577
37 0 44 0.0136805 1.43342
37 0 207 0.00258358 0.786121
37 1 28 0.0410708 1.69754
37 2 171 0.0264537 0.5
37 1 248 0.0255422 1.26304
37 0 245 0.0177598 1.69011
37 0 147 0.0184223 1.38508
37 0 76 0.0323718 0.784248
37 1 86 0.0194688 0.765066
37 2 257 0.0132414 1.70243
37 0 124 0.0228625 1.87561
37 2 30 0.00515441 1.7391
37 0 181 0.00520472 0.5
37 0 245 0.0297311 1.99922
37 0 79 0.0158687 1.94797
37 0 217 0.00404813 0.973738
37 0 160 0.0164432 1.80369
37 1 131 0.0175943 0.649029
37 1 278 0.0185691 1.36685
37 1 198 0.00375498 1.74919
37 0 85 0.0242749 1.37159
37 2 229 0.0310681 1.49113
37 1 284 0.0222711 0.840012
37 1 94 0.0171457 2.1429
37 2 58 0.011215 1.7521
37 2 244 0.0359122 1.02753
37 1 180 0.0260559 0.931801
37 0 195 0.0269495 1.47223
37 2 119 0.0161927 0.701163
37 2 42 0.0185088 1.50255
38 0 205 0.0108652 1.70867
38 1 117 0.027504 0.690304
38 2 205 0.0318896 1.84806
38 2 232 0.0191224 1.05996
38 1 215 0.0102035 2.01844
38 1 176 0.0270374 2.06038
38 2 17 0.0239011 1.74445
38 0 195 0.00136018 2.00366
38 0 146 0.0335269 1.60889
38 1 86 0.0227296 2.1689
38 1 1 0.0150035 2.08657
38 0 79 0.0220277 2.05105
38 0 140 0.0183592 1.65102
38 2 97 0.0271014 0.869364
38 0 46 0.0109376 2.33944
38 1 159 0.0117851 0.832417
38 0 187 0.0352718 0.5
38 2 130 0.0148552 0.853513
38 1 36 0.0404155 0.832759
38 2 47 0.00736046 2.5091
38 2 256 0.0349104 2.02689
38 0 141 0.020438 1.24799
38 2 161 0.0158616 1.50879
38 1 112 0.0212627 1.395
38 2 274 0.0198335 2.10451
38 2 218 0.00403326 1.12893
38 0 91 0.0232398 2.3404
38 1 179 0.0125555 2.12357
38 2 83 0.00839576 0.824989
38 2 184 0.00354221 1.76593
39 1 27 0.0116192 2.02531
39 1 119 0.020245 1.84836
39 2 138 0.0251114 0.527587
39 0 163 0.0311524 1.25831
39 2 58 0.00932602 0.916146
39 1 153 0 1.20833
39 2 272 0.0363098 0.5
39 2 96 0.0238471 1.76711
39 1 15 0.000855922 0.5
39 2 43 0.0283953 1.70588
39 0 122 0.0319492 0.590481
39 1 223 0.0248363 1.65631
39 1 174 0.0167016 1.4554
39 0 248 0.00892422 1.30428
39 2 45 0.0170331 2.18577
39 0 104 0.00932141 1.79482
39 0 269 0.0124892 1.42777
39 0 116 0.0157755 2.6571
39 2 216 0.0263043 0.739163
39 1 81 0.0282665 2.27051
39 0 157 0.0347156 2.41316
39 2 284 0.00430962 0.7477
39 0 108 0.0328993 0.924339
39 1 298 0.0190735 1.02415
39 0 183 0.00556609 1.4004
39 2 147 0.0123661 1.23959
39 2 228 0.0254602 0.662555
39 2 188 0.0151992 1.85326
39 1 213 0.0337705 1.67088
39 2 236 0.0131455 1.9492
40 1 181 0.0321456 2.02981
40 1 257 0 1.15561
40 2 244 0.0153437 1.70532
40 0 31 0.0215452 1.25737
40 2 130 0.0139063 1.69569
40 2 246 0.0242656 1.24089
40 0 40 0.0263987 1.65954
40 0 233 0.019037 0.970052
40 0 233 0.0301363 1.22847
40 2 26 0.0189815 1.40387
40 0 125 0.0195676 1.07271
40 2 187 0.0245381 2.17311
40 0 177 0.0401159 2.22264
40 1 48 0.0261892 2.06407
40 2 288 0.0309603 1.47125
40 0 117 0.0152206 1.22515
40 0 275 0.0142049 1.26727
40 1 53 0.0154478 1.77229
40 1 107 0.0217061 1.575
40 1 210 0.0197315 1.23325
40 1 55 0.0205752 1.98326
40 1 277 0.0345999 2.6458
40 2 48 0.0275709 2.103
40 0 193 0.012963 1.28363
40 1 64 0.0126591 1.4616
40 1 79 0.0316742 2.70318
40 0 292 0.0228431 0.5
40 0 295 0.0145596 1.217
40 0 56 0.0162226 1.27049
40 1 182 0.0325825 1.26494
41 2 164 0.00384562 1.45187
41 2 30 0.0146746 2.10751
41 2 211 0.0227369 1.84747
41 2 151 0.0195421 0.828372
41 1 12 0.0241349 1.7847
41 2 51 0.0150499 2.35454
41 1 246 0.0167842 1.78686
41 2 201 0.0161156 1.2394
41 1 299 0.0154839 1.87856
41 2 225 0.0130842 1.075
41 0 237 0.0255646 1.23908
41 1 285 0.00923667 1.34525
41 1 206 0.026617 1.78518
41 0 225 0.0156314 1.41689
41 0 30 0.0280478 0.892812
41 0 210 0.0326646 1.6867
41 1 206 0.017516 1.36699
41 1 12 0.0189983 0.815001
41 0 52 0.00242302 1.01355
41 1 67 0.00436479 1.77938
41 0 244 0.0384109 1.29912
41 2 36 0.00485618 1.96568
41 0 138 0.00655305 1.16858
41 2 159 0.0269692 1.60719
41 2 202 0.0153624 1.62328
41 0 127 0.0103466 0.5
41 0 77 0.00357255 2.43067
41 1 12 0.0155649 1.50054
41 2 90 0.0279238 1.75782
41 1 0 0.0229016 1.06073
42 1 71 0.0218885 1.21398
42 0 170 0.0183131 2.06568
42 1 168 0.0269976 1.97369
42 1 38 0.0012345 1.88932
42 0 140 0.0271969 0.851431
42 2 157 0.0273142 1.94883
42 1 83 0.0105245 2.35174
42 0 145 0.0187337 1.00177
42 1 74 0.0222564 0.50056
42 2 88 0.00497037 1.41752
42 1 172 0.0343121 1.10343
42 0 41 0.0119014 2.05108
42 1 226 0.0189434 1.80422
42 1 219 0.02446 1.68393
42 1 32 0.0376529 1.56708
42 0 16 0.0179969 1.10683
42 0 254 0.0207791 1.3054
42 2 47 0.0289034 2.49915
42 0 110 0.020736 1.26663
42 0 159 0.0254545 0.5
42 0 95 0.0277554 1.81241
42 1 146 0.0207426 2.08051
42 1 108 0.00801319 1.45102
42 2 162 0.026463 1.02618
42 2 70 0.0107153 1.57503
42 2 238 0.0175624 1.50046
42 0 181 0.0458615 1.7849
42 1 113 0.00532962 1.23323
42 2 261 0.0343338 2.08609
42 0 32 0.017165 1.96266
43 2 8 0.00506797 1.09705
43 1 11 0.036349 0.955774
43 1 284 0.0236404 1.66438
43 2 63 0.0151132 2.00053
43 2 214 0.0195738 0.5
43 1 9 0.00134956 1.75245
43 2 131 0.0270063 2.67173
43 2 145 0.0249065 2.31919
43 0 88 0.00414164 2.01331
43 1 123 0.0163036 1.86184
43 1 239 0.0158098 1.68966
43 0 24 0.0102557 0.652103
43 0 15 0.0129115 0.626384
43 1 170 0.0330065 1.78481
43 1 41 0.0266746 1.88605
43 2 31 0.0221948 1.95862
43 2 100 0.0190308 1.8617
43 1 13 0.0178364 2.25267
43 2 221 0.0169431 1.06583
43 0 155 0.0161016 2.632
43 2 222 0.0193529 2.29663
43 2 203 0.020163 1.21896
43 2 255 0.0241366 1.47366
43 0 68 0.0341302 1.33868
43 0 160 0.0138313 1.63022
43 0 160 0.00523192 1.43614
43 2 164 0.0223424 1.48649
43 1 93 0.0108757 1.55533
43 2 298 0.027493 1.57127
43 2 241 0.0147037 1.42059
44 0 19 0.0101873 1.74449
44 1 130 0.0192008 1.11834
44 1 258 0.0211623 1.81407
44 2 99 0.0154627 1.42877
44 0 13 0.0213619 1.30957
44 0 238 0.0354029 1.61674
44 0 141 0.0289182 1.6075
44 1 218 0.0266546 1.40234
44 0 193 0.014852 0.5
44 0 109 0.0205551 0.813658
44 1 131 0.00670519 1.01187
44 0 74 0.0144761 2.99933
44 2 104 0.0162896 1.26219
44 2 244 0.0191185 2.21667
44 2 256 0.0285127 1.12688
44 0 192 0.0120184 0.5
44 1 41 0.0223076 1.82599
44 2 25 0.0199577 2.25973
44 0 17 0.0289165 0.960885
44 0 198 0.0131077 1.48438
44 0 13 0.0281945 0.98192
44 1 1 0.0157693 2.49817
44 1 100 0.0255576 0.638523
44 1 286 0.0146517 1.1576
44 0 1 0.00257317 1.1652
44 2 214 0.0292609 1.312
44 0 236 0.0200721 2.19185
44 1 160 0.0316186 2.31443
44 0 101 0.0275444 2.01166
44 2 68 0.0366318 1.83903
45 2 216 0.00442085 1.88609
45 2 150 0.0301341 1.34467
45 1 1 0.010612 1.95704
45 2 185 0.0254697 1.73249
45 0 225 0.0232303 1.24953
45 1 287 0.00808432 1.62448
45 0 276 0.0225429 1.11149
45 0 204 0.019392 1.97831
45 2 97 0.0139707 1.99465
45 1 171 0.00363636 0.5
45 0 72 0.0117127 2.35713
45 0 201 0.0168309 1.81923
45 0 96 0.0146721 2.38539
45 2 238 0.00796839 2.57793
45 2 147 0.0126707 2.15157
45 2 79 0.0129905 1.42827
45 0 139 0.00967529 2.08067
45 2 194 0.0180244 1.0656
45 1 282 0.0267001 1.25605
45 2 234 0.0186905 1.83311
45 0 118 0.0253427 1.9249
45 1 202 0.0121057 1.91674
45 2 87 0.0288594 1.68683
45 0 277 0.0125908 1.33197
45 0 42 0.0178401 1.74493
45 2 238 0.0265409 1.89121
45 2 96 0.00886969 0.890607
45 0 218 0.0106514 0.59792
45 2 266 0.0266866 2.10445
45 2 284 0.0330085 1.93389
46 1 230 0 1.32176
46 0 208 0.0156524 1.50281
46 2 288 0.0097694 1.11207
46 0 241 0.00321217 0.97163
46 2 294 0.0227846 2.02525
46 2 235 0.0150522 1.10807
46 1 164 0.0173694 1.53518
46 2 51 0.0160728 0.5
46 0 242 0.0277653 2.34682
46 1 55 0.026214 1.65959
46 0 149 0.022892 0.863198
46 0 119 0.0279107 2.23677
46 0 267 0.0188115 0.619235
46 1 74 0.0111323 1.49628
46 1 255 0.0208096 1.27701
46 2 84 0.0319029 0.711312
46 0 225 0.0117144 1.56774
46 0 66 0.00744382 2.28467
46 0 270 0.00347732 1.83196
46 1 115 0.00194268 0.893571
46 0 224 0.0270084 1.9381
46 1 58 0.0215881 0.56499
46 2 239 0.0158921 1.05306
46 2 178 0.0166331 1.06951
46 0 287 0.00509726 0.938074
46 2 235 0.0312171 1.90791
46 0 61 0.0266633 0.528218
46 1 283 0.0117353 1.16876
46 2 0 0.0154092 1.49098
46 2 231 0.0232447 3.25891
47 0 171 0.0282273 1.52735
47 1 105 0.0255795 2.4561
47 0 174 0.0335423 1.54361
47 1 60 0.0173608 1.32223
47 0 52 0.0166957 1.2847
47 1 139 0.0176634 1.22233
47 2 98 0.0415896 0.803232
47 2 226 0.0344545 1.91732
47 1 265 0.0250868 0.5
47 2 32 0.0288451 1.39151
47 0 297 0.0312636 0.925711
47 2 171 0.0226697 0.702858
47 1 75 0.0447837 1.4862
47 0 211 0.0150127 1.41818
47 1 272 0.0189865 1.81299
47 2 157 0.0203357 1.82778
47 0 70 0.0243741 0.820517
47 1 260 0.0261217 1.40276
47 1 124 0.0213301 1.63678
47 2 283 0.0170489 2.245
47 0 225 0.0167625 0.818346
47 2 159 0 0.860616
47 2 211 0.0239486 2.76208
47 0 5 0.0233244 2.18914
47 2 266 0.0309457 2.08578
47 2 109 0.00915053 0.5
47 1 262 0.0366242 0.70455
47 2 152 0.0179632 1.85835
47 0 284 0.0121248 0.5
47 0 168 0.0178179 2.71921
48 0 288 0.0174568 1.7218
48 0 242 0.018096 1.64428
48 1 4 0.00531864 2.29772
48 2 103 0.0316393 1.11693
48 0 256 0.0179443 1.43465
48 0 177 0.0110571 1.29415
48 0 81 0.00735056 2.38703
48 2 0 0.0176772 1.96201
48 2 246 0.0202159 1.87754
48 1 156 0.0161932 1.14805
48 1 51 0.0196994 1.34232
48 1 116 0.0190592 1.27894
48 1 140 0.00972282 1.99124
48 2 94 0.0206674 0.548498
48 0 193 0.0310694 1.48681
48 1 80 0.0258959 2.42545
48 1 269 0.0149215 2.00464
48 0 48 0.0174903 1.42085
48 2 144 0.030322 1.83328
48 0 252 0.0166628 2.60344
48 1 154 0.00729073 1.54759
48 0 107 0.0235152 1.90744
48 1 224 0.0290754 1.28951
48 0 43 0.0234683 1.54928
48 1 205 0.0249376 0.716582
48 0 2 0.0247779 1.44847
48 0 142 0.0271928 1.05634
48 2 45 0.0385997 0.998548
48 2 204 0 2.25567
48 1 294 0.0138534 1.58015
49 1 58 0.0140604 1.42164
49 0 80 0.018385 1.41341
49 1 105 0.00432179 1.62527
49 1 281 0.0241505 1.76009
49 2 109 0.0114763 2.70086
49 0 83 0.0251486 1.85428
49 0 97 0.0221871 1.99741
49 0 78 0.0179781 0.943304
49 1 276 0.0266333 0.655489
49 2 296 0.0296747 1.29179
49 1 235 0.0277491 1.84859
49 1 83 0.030818 0.750194
49 1 125 0.0241503 2.34043
49 2 281 0.0173084 1.46841
49 1 252 0.0195099 1.84522
49 1 282 0.00950704 2.22113
49 2 35 0.0307876 1.84505
49 1 26 0.0265702 1.3159
49 0 213 9.00877e-06 2.04412
49 0 202 0.0177002 1.21739
49 0 233 0.0222942 1.80714
49 1 213 0.00386382 2.36607
49 1 7 0.0412469 2.31474
49 1 269 0.008476 2.63232
49 0 171 0.0277356 1.1356
49 0 271 0.0248778 0.939245
49 1 55 0.00801484 1.64152
49 2 161 0.0135766 1.04542
49 1 288 0.0220048 0.549599
49 0 268 0.00294702 3.22813
50 0 251 0.01081 1.76738
50 0 169 0.00452639 0.58793
50 0 124 0.0271436 1.66109
50 1 57 0.000313405 1.28882
50 0 156 0 1.44881
50 2 47 0.00438451 1.49968
50 2 221 0.0145396 1.03213
50 0 160 0.0211609 0.5
50 0 138 0.0106252 1.29002
50 2 263 0.0250025 1.11217
50 0 241 0.0248215 1.27785
50 2 244 0.0227086 1.79331
50 1 57 0.0175212 1.40101
50 2 242 0.0179344 0.7776
50 1 86 0.0191427 1.41407
50 2 299 0.0271917 1.54155
50 1 283 0.0216993 1.86089
50 2 252 0.0172911 3.07376
50 2 116 0.0293401 0.5
50 2 176 0.0105998 1.56645
50 1 209 0.00750912 1.69769
50 1 102 0.0302889 1.10098
50 0 120 0.00922597 1.76904
50 0 245 0.0205845 0.526088
50 1 170 0.0100178 2.01083
50 2 187 0.0112061 0.5
50 1 17 0.0129201 1.96006
50 1 201 0.020989 2.74718
50 1 275 0.0225169 1.47496
50 0 148 0.0201248 1.93027
51 1 178 0.0179091 1.27337
51 0 237 0.0455096 2.18173
51 0 33 0.0114272 1.42198
51 0 247 0.0223943 0.859371
51 2 212 0.0129438 1.46875
51 0 145 0.0118515 1.8083
51 2 77 0.00674348 1.20847
51 1 102 0.0341132 0.969534
51 0 295 0.00199695 0.806129
51 2 164 0.0197298 0.556825
51 0 21 0.0360759 1.61845
51 2 55 0.00583984 1.89341
51 2 293 0.0215375 0.952794
51 0 284 0.0276794 2.55285
51 1 105 0.0195391 0.911362
51 1 71 0.0154014 0.520347
51 0 155 0.00952965 2.55301
51 1 251 0.0199621 0.5
51 2 177 0.00525024 0.543323
51 2 229 0.0102361 0.575731
51 0 16 0.0115623 1.13216
51 0 115 0.0145679 1.77607
51 0 211 0.0428231 0.975245
51 0 267 0.0275536 0.996266
51 0 279 0.0241134 1.79291
51 2 139 0.000171912 1.17636
51 0 184 0.0146403 2.77875
51 2 115 0.0197383 1.07799
51 0 163 0.0132414 1.93332
51 0 211 0.00736338 1.2885
52 2 14 0.0207804 1.17132
52 1 21 0.0189041 0.692188
52 1 150 0.0269522 1.9985
52 1 269 0.024053 1.75354
52 1 223 0.0296393 1.44043
52 2 198 0.00832983 1.54362
52 2 21 0.0394124 1.53691
52 2 67 0.00622296 0.750455
52 2 265 0.0236358 0.5
52 2 144 0.00461973 1.94979
52 0 2 0.0255025 0.969013
52 0 159 0.0219731 2.48738
52 1 215 0.0394465 1.33326
52 2 104 0.0172593 1.64192
52 0 204 0.0251701 1.13375
52 0 44 0.0101351 1.30858
52 0 234 0.0391575 1.27703
52 0 176 0.00653066 1.96541
52 2 81 0.0132528 2.06598
52 1 126 0.0215689 1.91098
52 0 202 0 0.791069
52 1 163 0.034531 1.35091
52 2 3 0.0283032 0.789912
52 2 137 0.0381542 1.53635
52 2 132 0.0152218 1.17307
52 0 143 0.0182648 1.42444
52 1 246 0.00497048 2.03964
52 0 181 0.0314507 0.5
52 2 202 0.0316632 1.06237
52 1 206 0.0261396 2.49005
53 2 33 0.0104921 1.01781
53 2 33 0.0269881 0.85753
53 0 147 0.0145945 1.92048
53 0 18 0.0100729 1.14363
53 0 268 0.0139745 0.845273
53 1 239 0.0125851 1.49147
53 0 223 0.00602894 2.58661
53 2 166 0.0214858 0.992524
53 2 203 0.0138511 2.24796
53 2 186 0.0228189 2.99026
53 1 75 0.0416817 0.5
53 0 245 0.0174658 0.78925
53 0 8 0.0132809 1.93713
53 2 93 0.0103743 1.93087
53 1 196 0.00879998 2.89815
53 2 172 0.0219351 1.39224
53 1 272 0.0132206 1.99329
53 1 3 0 1.47817
53 1 125 0.00110087 2.22294
53 2 129 0.00415482 1.3875
53 2 113 0.0093938 2.31647
53 2 130 0.0188998 1.05099
53 1 44 0 2.56386
53 2 161 0.0261181 1.53017
53 2 280 0.00508983 1.90198
53 2 215 0.0300574 2.85258
53 1 154 0 0.933263
53 2 33 0.0108854 1.11196
53 2 148 0.0174137 2.16557
53 1 88 0.0168436 2.2547
54 0 119 0.0162155 1.24575
54 0 128 0.021744 1.14897
54 0 184 0.0139175 1.98021
54 0 186 0.0185953 0.933329
54 2 80 0.0103725 1.72694
54 0 246 0.0218571 1.52418
54 2 248 0.00395925 2.34081
54 2 108 0.0308321 1.27605
54 0 181 0.0195918 1.68879
54 2 178 0.0360892 1.98682
54 1 219 0.0273103 1.75247
54 1 258 0.0366197 0.5
54 1 168 0.0294009 1.22611
54 0 243 0.0104297 0.5
54 2 54 0.0121883 1.63613
54 0 17 0.0257977 1.27219
54 2 61 0.00573942 2.08453
54 2 113 0.00408494 0.90205
54 1 196 0.0172843 1.59413
54 1 121 0 0.633076
54 1 99 0.0201622 2.06457
54 0 271 0 1.84994
54 1 84 0.0246806 1.55789
54 0 238 0.0175843 2.0405
54 1 193 0.00698877 0.552461
54 0 87 0 1.638
54 0 203 0.027465 0.86903
54 1 170 0.0442738 2.59809
54 0 245 0.00959861 2.36573
54 2 14 0.0224252 1.73083
55 1 44 0.00311987 2.69194
55 2 34 0.00598375 0.960441
55 1 11 0.0303011 1.09314
55 1 117 0.014879 1.66638
55 1 264 0.0262951 1.90173
55 2 216 0.0179372 1.11608
55 0 182 0.0185747 1.29457
55 0 260 0.0212321 2.3535
55 0 26 0.0192385 1.72069
55 2 13 0.00841149 0.788272
55 1 33 0.0247507 0.955471
55 0 44 0.0366434 1.92515
55 2 231 0.0391829 1.18701
55 1 11 0.0260948 1.61512
55 1 92 0.0406466 1.90426
55 0 29 0.0309852 2.35614
55 2 129 0.0246858 0.963035
55 0 122 0.0056518 1.81014
55 2 76 0.0276661 1.0265
55 2 235 0.0212219 0.61195
55 1 206 0.031947 1.16111
55 1 95 0.00855472 0.5
55 1 258 0.0262251 2.07539
55 1 235 0.0265988 2.22546
55 0 146 0.0191401 2.61752
55 0 104 0.0145798 1.9984
55 2 89 0.0418845 1.07629
55 1 14 0.034023 0.836665
55 0 115 0.00590393 1.1107
55 1 28 0.0191108 2.13854
56 1 231 0.0218134 1.34316
56 0 255 0.0351514 1.19578
56 1 248 0.0199223 1.51069
56 0 37 0.0230283 1.08979
56 0 23 0.0107822 1.45648
56 0 31 0.0153743 1.01704
56 2 239 0.0324913 1.438
56 2 73 0.0262663 1.35939
56 0 292 0.0342507 2.14981
56 1 248 0.0273752 1.50498
56 2 47 0.0301464 2.67419
56 2 209 0.0210286 1.72299
56 1 228 0.0207907 2.40734
56 1 209 0.0270844 2.07932
56 0 54 0.00863747 2.62761
56 1 229 0.0132973 0.667742
56 2 0 0.0114418 0.967929
56 0 163 0.0142318 2.22772
56 0 137 0.0322484 2.057
56 0 230 0.032385 2.07895
56 1 127 0.0146474 1.27424
56 1 89 0.0266773 0.630527
56 2 174 0.016646 1.12628
56 0 261 0.0146586 1.63095
56 1 115 0.0245487 1.91621
56 0 286 0.0416403 0.5
56 1 247 0.0268452 0.5
56 0 236 0.0219577 1.73361
56 2 295 0.0259719 1.80875
56 1 194 0.0122058 0.799517
57 0 161 0.0216967 1.97094
57 0 227 0.0105648 1.56473
57 0 242 0.0252483 2.50902
57 0 123 0.018589 0.5
57 0 38 0.0152929 1.30625
57 2 229 0.0284451 0.993884
57 1 47 0.0191027 0.716301
57 1 84 0 1.74066
57 1 254 0.0202395 1.68503
57 2 214 0.008389 1.15382
57 1 55 0.0249196 1.92824
57 1 221 0.0302677 1.01288
57 1 225 0 0.799826
57 1 61 0.0197473 2.45241
57 2 152 0.0223437 1.23614
57 0 224 0.0371996 1.21985
57 0 278 0.0104971 2.76116
57 0 80 0.030845 1.22624
57 2 28 0.00495649 2.2781
57 0 189 0.0256443 2.72489
57 1 81 0.00380708 0.5
57 0 114 0.00788773 2.3214
57 0 200 0.00925662 2.18699
57 1 135 0.0228403 1.77149
57 0 99 0.0365717 1.70399
57 2 121 0.0349425 1.25425
57 0 171 0.00483943 1.21914
57 2 120 0.0358013 1.80725
57 2 27 0.0403838 1.30479
57 2 144 0.00983195 2.26933
58 0 125 0.0300135 2.1534
58 2 111 0.0165395 2.27306
58 1 202 0.0251397 0.5
58 0 84 0.0187183 1.52666
58 2 150 0.0173931 1.15204
58 2 124 0.0277175 1.92975
58 0 87 0.0123708 2.00328
58 0 226 0.016889 1.9023
58 1 11 0.0156484 2.4242
58 2 11 0.0109928 1.87093
58 1 64 0.0200395 1.029
58 2 245 0.0290746 1.17704
58 2 238 0.02724 2.09093
58 0 257 0.0185825 1.72157
58 2 79 0.0243175 1.54371
58 1 106 0.0265573 0.572486
58 0 273 0.0146013 1.49524
58 2 289 0.009067 1.1322
58 2 284 0.013936 2.10706
58 1 266 0.0236071 1.99103
58 2 183 0.0171549 1.30494
58 0 19 0.0230311 2.30766
58 2 86 0.0226114 0.764811
58 2 267 0.0172415 1.18407
58 0 29 0.022704 0.726563
58 1 204 0.0133221 1.9041
58 1 290 0.0109759 2.04807
58 2 217 0.0177954 1.48791
58 0 167 0.00120962 1.59832
58 2 154 0.0065103 2.04761
59 0 69 0.0316266 0.854578
59 0 61 0.0285686 1.82131
59 1 109 0.0039976 2.00156
59 0 32 0.0286364 2.0974
59 1 98 0.0308924 2.90973
59 0 200 0.0131222 0.5
59 0 31 0.0371729 1.51393
59 1 88 0.0334616 0.888102
59 0 142 0.0287227 1.04167
59 1 200 0.00662047 0.816686
59 0 114 0.0221171 0.931521
59 0 228 0.00676212 1.71714
59 0 149 0.0142855 0.724924
59 0 278 0.00836536 0.507093
59 2 144 0.0353516 1.93485
59 2 183 0.0192339 1.88366
59 1 77 0.0198372 2.14253
59 1 263 0.0364059 0.695894
59 2 129 0.0290211 1.20949
59 2 120 0.0269244 2.08007
59 1 27 0.00402682 1.88072
59 0 203 0.0274546 1.10308
59 2 151 0.0156107 0.991421
59 0 49 0.0205295 1.26374
59 2 286 0.0225809 1.63831
59 0 245 0.0301131 1.97395
59 2 259 0.0225377 1.12175
59 2 45 0.00673744 0.906817
59 2 137 0.0197435 2.01165
59 1 104 0.035291 1.46671
60 0 299 0.0144902 1.45762
60 1 238 0.022527 1.50886
60 2 174 0.0375156 0.928319
60 1 3 0.0217005 1.71445
60 1 298 0.0195617 1.18397
60 2 36 0.0356529 2.66307
60 2 238 0.0326037 1.27736
60 1 257 0.0409645 1.91748
60 2 205 0.0188178 1.04248
60 0 8 0.0192615 1.10681
60 2 18 0.0208607 0.922282
60 2 210 0.00897299 2.13893
60 2 110 0.0405066 0.954569
60 0 11 0.0333911 0.571583
60 2 182 0.0262921 1.30174
60 2 141 0.0218032 1.90677
60 0 168 0.0259365 2.01964
60 0 236 0.018172 1.54873
60 0 287 0.0156654 2.17556
60 0 52 0.00479197 1.45071
60 2 247 0.0102812 0.807364
60 0 265 0.024705 2.53863
60 0 158 0.0132293 1.76913
60 1 51 0.0264946 1.44343
60 1 114 0.0408977 0.857521
60 1 140 0.0269825 1.96155
60 0 199 0.0312453 1.17
60 0 145 0.00876637 2.46004
60 1 257 0.0229892 1.55734
60 1 50 0.00628177 1.92352
61 1 55 0.0193089 0.546011
61 1 104 0.0341742 1.46271
61 1 117 0.00647592 2.18909
61 0 273 0.0213767 1.75181
61 2 26 0.0398718 2.36482
61 0 187 0.0201124 0.912408
61 1 97 0.0138224 1.02673
61 0 253 0.0160115 1.32498
61 1 219 0.0118497 1.46789
61 2 146 0 1.30562
61 0 162 0.0282281 2.19994
61 0 205 0.0101847 1.55179
61 1 23 0.0284052 2.79108
61 2 225 0.0286922 1.93143
61 1 25 0.013493 2.12251
61 0 100 0.0294209 0.98294
61 1 34 0.0169981 2.17182
61 2 292 0.024956 1.0381
61 1 155 0.0208199 1.09677
61 2 182 0.0479667 1.10883
61 0 203 0.0116328 0.973796
61 2 166 0.0121123 1.53333
61 2 24 0.0166723 1.46123
61 2 22 0.00834464 0.921854
61 2 49 0.0171083 0.931815
61 0 233 0.00334899 1.643
61 2 182 0.0109347 2.22857
61 1 7 0.00811851 1.87265
61 2 259 0.0241358 1.10868
61 0 133 0.0194714 1.2308
62 0 87 0.00459881 1.0225
62 2 289 0.0295124 1.39843
62 1 277 0.00601846 1.62952
62 0 57 0.0170593 1.90348
62 2 21 0.0415285 1.92088
62 1 18 0.0284425 1.69369
62 2 294 0.0370052 1.86415
62 1 199 0 1.24103
62 0 242 0 1.94086
62 0 164 0.0135727 0.874387
62 1 199 0.0293532 1.91887
62 1 217 0.0408449 1.40559
62 0 156 0.0272567 1.50913
62 2 39 0.0283691 1.57943
62 1 14 0.0192984 1.90516
62 0 76 0.0327053 1.63615
62 1 129 0.0235556 0.5
62 0 251 0.00861468 1.48882
62 0 228 0.00283169 1.55647
62 0 22 0.0212828 2.06426
62 1 263 0.0213877 1.78739
62 0 176 0.0217493 0.812956
62 1 178 0.00380568 1.43035
62 0 125 0.0129191 0.966922
62 1 273 0.032892 1.24488
62 2 22 0.0139354 1.74764
62 2 236 0.0254283 1.66772
62 2 117 0.0205774 1.31234
62 0 75 0.00417028 1.73601
62 0 141 0.0334949 1.40825
63 0 87 0.0276302 1.42564
63 1 74 0.0276265 1.1643
63 2 207 0.0164696 2.55915
63 2 82 0.0192256 1.52935
63 0 28 0.0230588 0.5
63 2 26 0.0246425 1.40103
63 0 119 0.0126388 1.47141
63 1 91 0.0153725 0.5
63 2 71 0.0210187 2.14347
63 1 215 0.00819006 1.76775
63 2 173 0.00548415 1.8618
63 1 222 0.014215 0.5
63 1 282 0.0324321 1.95199
63 1 13 0.0189107 1.92316
63 1 206 0.0378893 0.984398
63 0 107 0.0186613 1.30442
63 1 176 0.012992 1.0365
63 2 247 0.0304818 1.70505
63 1 172 0.0357468 1.14385
63 1 279 0.0221275 1.34036
63 2 196 0.0163405 1.70381
63 0 245 0.0194303 0.854242
63 0 23 0.032651 1.67509
63 2 144 0.0479248 1.5083
63 2 89 0.00593748 2.02138
63 0 214 0.0222286 1.42289
63 0 188 0.0300172 1.4766
63 0 235 0 1.62338
63 2 49 0.026054 1.14056
63 2 240 0.0107842 1.9732
64 0 106 0.0193638 1.96665
64 2 165 0.0386829 1.75757
64 0 42 0.0231154 0.532805
64 2 33 0.0229137 1.1468
64 1 293 0.0170643 0.5
64 1 221 0.0271507 1.28322
64 1 298 0.0205988 0.848877
64 2 262 0.0142858 1.98535
64 0 171 0.0251479 1.40732
64 1 160 0.0149958 2.09765
64 2 102 0.0253202 1.00715
64 0 229 0.0176213 1.65955
64 2 149 0.0331459 0.875655
64 0 205 0.0355362 0.5
64 2 226 0.0263619 1.13918
64 0 32 0.0145977 1.76245
64 2 227 0.020382 1.3167
64 2 193 0.0172391 1.44782
64 1 192 0.022611 0.934329
64 2 266 0.0241371 1.84697
64 0 57 0.0251385 0.789573
64 0 186 0.017674 1.26238
64 2 232 0.0172807 1.23256
64 1 162 0.0276882 1.11921
64 1 41 0.0326984 1.90285
64 1 2 0.0160099 1.2139
64 1 117 0.0161805 2.45928
64 0 86 0.00690461 0.962663
64 2 64 0.00838968 1.71703
64 0 160 0.0218819 1.34902
65 1 141 0.0262706 0.5
65 0 44 0.019173 1.11783
65 1 197 0.0414751 1.56535
65 2 33 0.0265609 1.334
65 0 47 0.0156405 0.953067
65 1 22 0.0232464 2.06584
65 1 66 0.0310261 1.48828
65 2 124 0.0211007 1.30187
65 2 70 0.0307678 2.73344
65 1 190 0.0134668 1.98825
65 0 290 0.0273591 1.07157
65 2 47 0.0412517 0.814115
65 1 107 0.00609255 1.36167
65 2 117 0.02529 1.20504
65 0 140 0.0241602 1.22112
65 0 273 0.0157328 1.71692
65 2 26 0.0125969 1.93294
65 1 160 0.0211459 0.5
65 1 0 0.0184929 1.82091
65 2 262 0.0392349 0.5
65 1 17 0.0154169 1.3666
65 1 236 0.0255493 2.03388
65 2 150 0.0299437 1.91948
65 0 142 0.0326856 1.21407
65 0 89 0.00757104 1.26738
65 0 249 0.0205923 1.48743
65 0 131 0.0215348 1.75512
65 1 288 0.0151277 1.47181
65 0 180 0.0275001 1.52533
65 0 5 0.0167784 1.25243
66 2 235 0.0189834 2.33448
66 1 123 0.0446249 2.46582
66 1 294 0.0277046 1.26576
66 1 98 0.0119855 1.74282
66 2 180 0 1.05514
66 1 159 0.0262942 1.21741
66 0 66 0.02276 1.66918
66 2 68 0 1.30441
66 1 263 0.0409376 1.61947
66 2 32 0.0196268 1.41475
66 0 31 0.0176034 0.5
66 1 240 0.00418792 0.740206
66 0 15 0.0190908 0.91474
66 2 19 0.00908026 2.80826
66 0 70 0.0125493 1.58222
66 1 271 0.0231271 1.60804
66 0 23 0.0250439 2.33577
66 1 64 0.017458 2.42071
66 0 287 0.0257038 0.796173
66 0 14 0.0159437 2.90546
66 0 207 0.0217246 1.53759
66 2 65 0.0276468 0.77297
66 0 10 0.00170242 1.53892
66 0 218 0.00860635 0.931436
66 0 35 0.0208926 1.35531
66 0 199 0.0176637 1.99626
66 0 193 0.0270902 1.74862
66 0 148 0.0308726 1.41667
66 1 265 0.017376 1.15008
66 2 231 0.00121594 1.97636
67 0 40 0.0095887 1.56403
67 0 82 0.00882435 1.30301
67 1 201 0.0200836 1.69078
67 2 199 0.0268325 1.61099
67 2 148 0.0189342 0.680539
67 1 214 0.00762092 0.78178
67 0 191 0.0145539 1.10176
67 0 200 0.0198602 1.10227
67 0 6 0.0139327 0.577275
67 0 17 0.0226513 1.81626
67 0 243 0.0147506 1.60316
67 2 242 0.025401 1.97485
67 2 180 0.0134035 1.36067
67 1 40 0.0195358 0.671729
67 2 99 0.0131178 1.89277
67 2 245 0.0196846 1.72754
67 2 158 0.0215282 1.82266
67 1 12 0.0207735 1.86033
67 2 242 0.0368777 1.55617
67 1 155 0.0230466 2.661
67 1 77 0 1.70708
67 0 257 0.0222261 2.12752
67 1 95 0.0303832 0.585639
67 0 120 0.0131161 1.92527
67 1 17 0.0443307 1.22401
67 2 133 0.0342046 1.6829
67 1 260 0.0196807 1.06117
67 2 1 0.0250304 0.789876
67 2 252 0.0330671 1.12173
67 0 49 0.0257098 1.13823
68 0 295 0.0204151 1.76216
68 2 239 0.0281497 0.952706
68 0 76 0.00437377 1.47636
68 1 16 0.0159172 0.713603
68 0 267 0.0133062 0.879732
68 0 161 0.0146698 0.568554
68 1 292 0.0263732 1.22169
68 0 225 0.0230386 1.75021
68 2 167 0.0135324 2.0666
68 0 16 0.0375307 0.5
68 1 143 0.0176413 1.21923
68 2 34 0.0135144 2.42332
68 0 231 0.020374 2.1041
68 2 243 0.0194869 1.79722
68 2 176 0.0240115 1.85094
68 1 284 0.0148929 2.01802
68 0 237 0.022702 0.805147
68 1 36 0 0.9265
68 2 115 0.0304069 1.75552
68 0 127 0.00848381 1.38355
68 1 6 0.0100733 0.604409
68 1 71 0.0018867 1.75364
68 0 246 0.0151405 2.70476
68 0 66 0.000302692 2.34784
68 2 148 0.0309354 1.5654
68 0 55 0.0202023 1.22991
68 0 260 0.0301052 1.53101
68 0 38 0.00579486 1.40414
68 1 64 0.0172903 0.662286
68 1 234 0.0298269 1.22246
69 0 126 0.0244587 0.5
69 1 96 0.0279491 0.700907
69 0 97 0.0202237 0.816426
69 2 26 0.0246671 0.753744
69 2 266 0.0357069 0.5
69 2 160 0.00931618 1.81706
69 1 91 0.0122729 2.04418
69 2 43 0.00424781 1.23833
69 1 18 0.00396736 1.30082
69 1 145 0.0205969 2.14618
69 1 165 0.0162101 1.14961
69 1 229 0.0263891 2.25958
69 0 73 0.0228962 1.58665
69 2 270 0.0180382 2.29415
69 0 142 0.00871968 2.03933
69 1 204 0.00295323 1.90742
69 2 65 0.0321851 2.07122
69 0 269 0.0169055 1.1984
69 1 162 0.00948095 2.08747
69 2 226 0.00941257 0.870192
69 2 175 0.00944427 1.52713
69 2 89 0.0132803 1.99831
69 1 63 0.00100224 2.09281
69 2 269 0.0380874 2.89107
69 0 257 0.0258101 1.94246
69 1 88 0.0263645 0.726041
69 1 21 0.0408272 1.30649
69 0 31 0.0269332 1.66777
69 2 156 0.029163 1.72711
69 0 97 0.0282555 1.36962
70 2 60 0.0149727 0.5
70 2 260 0.0264926 1.6505
70 0 59 0.0143342 3.01135
70 1 145 0.0178636 0.893271
70 1 258 0.0260128 2.26613
70 1 24 0.0119795 1.65124
70 0 183 0.0108931 1.95159
70 2 200 0.0146168 1.68698
70 1 117 0.00585336 1.90324
70 2 42 0.0140713 1.13125
70 1 210 0.0129258 0.864766
70 1 189 0.0141181 1.2986
70 2 210 0.0256592 1.54604
70 0 267 0.025603 2.16235
70 1 103 0.0205554 1.86683
70 0 253 0.013089 3.42779
70 0 64 0.0258693 0.667272
70 1 282 0.0130454 1.35522
70 0 37 0.0250802 1.08306
70 2 110 0.0126799 2.39692
70 2 106 0.00848161 1.40371
70 1 57 0.0203976 1.55577
70 0 58 0.0320235 0.622267
70 2 182 0.0243514 1.00641
70 2 107 0.0138959 2.00726
70 2 178 0.027575 2.03376
70 2 63 0.0294633 1.17904
70 0 188 0.0223245 1.83568
70 2 15 0.017151 1.44768
70 2 117 0.0024301 3.03573
71 0 281 0.00436647 1.36552
71 0 33 0.0353096 1.75567
71 0 264 0 1.89161
71 0 25 0.0222475 0.733086
71 1 189 0.0157028 0.797439
71 2 260 0.0169656 2.14223
71 0 226 0.0411323 1.80352
71 1 138 0.0247656 0.800541
71 1 269 0.0139224 2.61778
71 2 70 0.00798811 0.726656
71 1 150 0.00535067 1.88035
71 2 157 0.0197576 1.33688
71 1 176 0.0388611 0.986451
71 0 133 0.0145063 0.5
71 1 225 0.0304995 1.83544
71 1 202 0.0413622 1.61163
71 2 178 0.0143598 1.42422
71 2 100 0.0213116 1.3085
71 0 37 0.0266954 2.24226
71 2 126 0.0274312 2.08071
71 2 149 0.0125398 1.43201
71 2 216 0.0134748 2.29387
71 0 77 0.0126876 2.59828
71 1 280 0.0111247 1.00489
71 0 14 0.021443 2.15742
71 0 149 0.0269342 1.15624
71 1 128 0.00734886 0.5
71 1 15 0.0387469 1.69983
71 2 104 0.014702 1.93773
71 1 237 0.0169088 1.34126
72 1 135 0.034323 1.79134
72 2 61 0.0227373 1.40376
72 0 238 0.00121917 1.03633
72 1 146 0.0229303 1.172
72 1 194 0.0136752 2.24907
72 0 199 0.0302312 1.02188
72 2 111 0.0138331 1.78812
72 2 31 0.0169315 1.85593
72 1 157 0.0246365 1.70339
72 2 126 0.0147122 1.25481
72 0 43 0.0287549 0.664873
72 2 114 0.00580012 0.5
72 0 87 0.00999492 0.916718
72 0 76 0.0133645 0.660829
72 2 56 0.0168217 1.20069
72 1 193 0.0227815 0.5
72 1 146 0.0272026 1.10599
72 0 81 0.0320325 1.64187
72 2 257 0.00951589 1.99529
72 2 237 0.0288041 1.40922
72 1 76 0.0071723 1.5826
72 2 114 0 2.17247
72 2 213 0.0239734 1.73935
72 0 147 0 2.4752
72 1 88 0.0194769 1.49588
72 2 267 0.0136364 1.9529
72 1 50 0.0174393 1.04597
72 2 228 0.00947997 1.28394
72 2 1 0.0249587 0.837567
72 0 137 0.0263974 0.942909
73 2 4 0.0120095 2.08052
73 2 224 0.0289596 1.36237
73 1 285 0.0225244 0.5
73 2 212 0.0252255 1.01052
73 2 279 0.0194733 1.05342
73 1 288 0.019892 1.60693
73 2 72 0.0279864 1.23674
73 2 135 0.019305 0.783906
73 2 79 0.0316965 0.714525
73 0 213 0.0092492 0.88394
73 0 161 0.0231458 1.82453
73 2 231 0.030734 0.802113
73 0 92 0.0349823 1.63347
73 2 50 0.0170135 1.68799
73 2 201 0.0159707 1.4904
73 0 190 0.0368848 1.19108
73 2 11 0.00960509 1.54557
73 2 130 0.0150294 2.28006
73 2 164 0.0217954 1.92495
73 0 27 0.0372698 1.99399
73 2 109 0.0318824 1.51077
73 0 87 0.0257848 1.78234
73 1 11 0.020012 1.04461
73 0 164 0.0157633 0.546341
73 2 19 0.0184349 1.74553
73 1 125 0.011327 0.675003
73 1 115 0.0179174 0.662884
73 1 297 0.0351954 2.17257
73 1 55 0.0283744 0.985085
73 2 141 0.0302371 2.68686
74 1 160 0.0369373 1.44699
74 0 57 0.026337 1.24329
74 2 16 0.01456 2.39656
74 0 156 0.0278577 1.38513
74 2 259 0.0184844 1.30322
74 1 184 0.00164991 1.27873
74 1 277 0.0363614 0.925867
74 2 18 0.0120911 1.42666
74 1 208 0.0175563 0.96742
74 0 88 0.021139 1.45697
74 2 137 0.0159018 1.79282
74 0 4 0.0301731 2.0577
74 1 182 0.0227151 2.06448
74 0 57 0.019235 1.41317
74 0 215 0.00600512 1.08506
74 0 224 0.0206677 1.44081
74 0 193 0.0210003 1.39998
74 2 270 0.00194465 0.5
74 0 116 0.0272618 2.65349
74 0 155 0.0105133 0.5
74 1 15 0.0275244 1.29318
74 1 76 0.028006 0.52928
74 1 181 0.00553586 1.79808
74 2 57 0.0215796 1.6966
74 1 8 0.0348553 0.552958
74 0 115 0.014668 1.04189
74 1 226 0.0118688 0.905236
74 1 266 0.025225 1.91095
74 1 14 0.0141334 1.22697
74 2 226 0.0244738 0.983976
75 2 32 0.0229694 1.38341
75 1 139 0 1.46788
75 2 228 0.014284 2.32215
75 2 191 0.0275685 2.14858
75 1 207 0.026343 2.13197
75 0 166 0.0104801 1.55514
75 0 100 0.0333524 1.15549
75 2 37 0.0420359 2.05693
75 2 200 0.0259872 0.7617
75 2 222 0.00295305 0.811082
75 0 92 0.0110916 2.5051
75 0 32 0.0308443 1.81541
75 1 76 0.0249801 1.98132
75 2 49 0.00552036 1.01649
75 2 53 0.0175459 2.30492
75 1 59 0.0149562 1.34472
75 1 253 0.0196224 1.28221
75 1 265 0.021524 0.709729
75 0 168 0.00758552 1.03159
75 0 190 0.0390517 1.00503
75 2 296 0.0271601 1.42481
75 1 173 0.0249113 0.578284
75 0 15 0.0301331 1.17805
75 0 245 0.0175691 1.2168
75 0 84 0.0236138 0.50512
75 0 215 0.0331144 1.55141
75 2 297 0.0199577 0.852181
75 1 203 0.0353915 1.35187
75 2 170 0.0160218 0.997477
75 1 96 0.0185629 0.5
76 2 246 0.00710796 1.81295
76 1 139 0.018837 1.03452
76 1 255 0.0102502 0.853252
76 2 12 0.0319439 1.83685
76 1 265 0.00751509 2.23417
76 2 28 0.0299812 0.859831
76 0 16 0.0227942 1.25981
76 1 239 0.00188018 1.45818
76 1 100 0.0120914 1.52956
76 2 132 0.0191072 0.886226
76 1 25 0.0337777 1.47927
76 1 282 0.0288161 2.21068
76 2 273 0.0325819 2.28175
76 1 141 0.00330526 1.06341
76 2 119 0.0173485 0.5
76 2 37 0.0181003 2.05123
76 0 61 0.0258918 1.41963
76 0 107 0.0236964 1.99945
76 2 218 0.0224303 1.92661
76 1 103 0.0232049 1.2211
76 2 151 0.0254616 1.80097
76 2 21 0.0146806 1.7179
76 2 240 0.0250718 1.08455
76 2 219 0.0246631 1.02487
76 2 27 0.0299781 1.19837
76 2 50 0.022069 1.22386
76 1 93 0.0197385 1.46123
76 0 89 0.0361382 1.55671
76 0 52 0.0291248 1.75494
76 1 93 0.0235259 0.866775
77 0 250 0.0282062 1.3158
77 2 264 0.0256121 2.44282
77 1 205 0.0397085 0.516764
77 0 16 0.006155 0.761742
77 0 97 0.0209337 2.78529
77 0 254 0.0254493 1.84029
77 2 48 0.0336498 1.19842
77 2 133 0.0229489 0.814016
77 0 282 0.0243099 1.67725
77 0 171 0.01441 1.47549
77 1 214 0.0318098 1.68184
77 2 24 0.00631229 0.880209
77 0 172 0.0199518 1.37871
77 0 73 0.0342693 2.33853
77 2 185 0.00929852 0.851468
77 2 178 0.0218882 2.41973
77 1 219 0.0337541 1.05722
77 1 97 0.0198573 0.807577
77 2 72 0.00775831 0.510118
77 2 277 0.0213012 1.33927
77 0 108 0.0187682 1.06104
77 2 231 0.0242318 1.91392
77 1 168 0.00076614 1.50842
77 0 265 0.0375284 0.991079
77 0 272 0.0164693 1.56062
77 2 90 0.0271255 0.904928
77 1 165 0.0273946 1.50584
77 0 146 0.0139365 0.552146
77 0 218 0.0308965 0.788569
77 2 58 0.0403162 1.94894
78 0 149 0.0191224 1.0151
78 1 76 0.00253655 0.57152
78 0 247 0.014236 0.968743
78 1 215 0.0343569 1.66219
78 2 210 0.0256033 1.23836
78 0 86 0.00980522 1.90757
78 0 93 0.021764 1.61816
78 2 239 0.0326954 0.949959
78 2 134 0.0312269 2.00243
78 0 146 0.021863 1.71384
78 0 84 0.0417369 1.92687
78 0 107 0.0382158 1.85706
78 2 64 0.0332622 1.04263
78 2 265 0.0148721 1.96004
78 1 186 0.0125961 0.809188
78 1 187 0.0218139 1.50069
78 2 154 0.0335418 1.75782
78 0 97 0.0060876 1.20372
78 0 295 0.0239799 1.83814
78 2 254 0.0129205 1.09631
78 2 165 0.0197926 1.56671
78 0 243 0.0351791 0.95836
78 0 207 0.0162877 0.5
78 2 63 0.0255126 1.5412
78 2 47 0.0105079 1.62078
78 1 24 0.00601084 0.88676
78 1 252 0.0180964 1.98214
78 0 269 0.0273753 0.679015
78 2 151 0.0206062 1.17757
78 2 149 0.0318983 2.95031
79 2 38 0.0147022 1.1937
79 1 242 0.0431701 3.27376
79 1 127 0.0134162 1.67235
79 2 250 0.0206436 1.98201
79 0 286 0.0104737 0.635192
79 2 206 0.0258639 0.5
79 0 116 0.0240072 1.54153
79 1 19 0.0105539 1.19957
79 2 115 0.0425791 1.4711
79 2 168 0.0310402 1.65022
79 1 141 0.0245595 2.12631
79 0 297 0.0279649 0.933702
79 0 83 0.00793277 2.50357
79 0 270 0.0183077 0.921122
79 2 16 0.0337134 0.907589
79 2 149 0.0218136 1.38956
79 2 243 0.0104401 1.43718
79 2 3 0.010652 0.895645
79 0 153 0.0154836 1.57817
79 2 253 0.00345035 0.765058
79 1 102 0.00547326 1.73196
79 1 168 0.0137443 0.863267
79 2 23 0.0166099 1.14387
79 0 31 0.0226744 1.47524
79 0 223 0.000383887 1.84904
79 2 212 0.0195966 1.91915
79 2 183 0.00879996 0.898023
79 1 32 0.0166464 1.68367
79 2 255 0.0305854 1.1241
79 0 166 0.0114609 0.5
80 2 116 0.0118567 1.70815
80 2 45 0.022048 1.57317
80 2 71 0.0208649 0.893223
80 2 222 0.0350038 1.99072
80 1 18 0.0087707 1.36426
80 2 137 0.0297928 1.92039
80 0 87 0.0297471 1.06276
80 2 209 0.0219627 1.92268
80 2 95 0.00523766 1.42836
80 0 145 0.0123559 1.42366
80 0 212 0.0339777 1.53921
80 1 297 0.0149195 0.723252
80 2 116 0.0276605 1.53154
80 1 180 0.0286861 1.36951
80 0 180 0.0200693 1.49654
80 1 105 0.0223031 1.50861
80 2 90 0.0184829 0.651553
80 2 207 0.0206217 1.01539
80 1 299 0.0371433 1.88383
80 0 229 0.0263362 1.64791
80 2 79 0.00386859 2.08796
80 0 278 0.0331377 2.00035
80 2 150 0.0219575 1.35859
80 2 261 0.0140658 0.890821
80 2 57 0.0141896 1.77531
80 2 66 0.0313661 2.1246
80 1 79 0.0216246 1.79634
80 0 258 0.00322192 1.45043
80 2 244 0.00523892 1.44631
80 0 154 0.0222153 0.5
81 1 62 0.0164191 1.54122
81 1 113 0.0228308 1.95017
81 1 15 0.0179911 1.32107
81 2 239 0.00540634 0.795868
81 1 58 0.0184698 1.7228
81 2 175 0.0183638 2.65738
81 2 25 0.0258097 1.73272
81 2 120 0.0117139 1.95017
81 2 206 0.0302319 1.65571
81 2 272 0.0234905 1.95583
81 2 227 0.0358435 1.29488
81 1 137 0.0197782 2.04245
81 1 169 0.0151821 1.69495
81 2 194 0.0155643 1.79649
81 2 10 0.0245626 1.8064
81 2 86 0.0259811 1.89268
81 2 145 0.0111473 1.39582
81 1 159 0.0171458 1.64334
81 0 238 0.0131014 1.27177
81 2 156 0.00362352 2.01688
81 0 69 0.00889829 1.6818
81 1 24 0.0186137 1.06944
81 1 173 0.0159212 2.07918
81 2 206 0.026282 1.81417
81 2 224 0.0270179 1.48972
81 2 60 0.0196148 0.5
81 2 228 0.0141333 1.07858
81 0 87 0.0178139 1.58313
81 0 133 0 1.78171
81 2 155 0.0332915 1.50133
82 0 155 0.0147362 1.95852
82 0 165 0.024605 1.24793
82 0 261 0.0166653 1.50283
82 2 217 0.0309962 1.10272
82 1 282 0.0324285 2.27314
82 1 75 0.0343599 1.48102
82 2 92 0.0121052 1.2603
82 1 194 0.012943 2.35612
82 0 212 0.0219487 1.37974
82 1 217 0.0313301 1.49232
82 0 298 0.02845 1.60561
82 0 211 0.0241361 2.12273
82 2 287 0.0159476 1.92309
82 2 163 0.0257163 2.42296
82 1 137 0.0276959 0.793558
82 0 91 0.0119731 1.20016
82 1 165 0.0252404 0.868438
82 2 66 0.00561077 0.856078
82 0 283 0.0186324 1.46744
82 1 249 0.0223997 0.5
82 2 8 0.0272241 1.12817
82 1 264 0.0222668 0.5
82 2 178 0.0197883 1.08884
82 2 295 0.00451484 1.20456
82 2 230 0.0297575 2.59502
82 1 125 0.00375741 0.856443
82 1 82 0.0143371 1.19457
82 2 60 0.0173593 0.819275
82 1 5 0.0137995 1.4863
82 2 299 0.0103365 1.32995
83 0 229 0.0293733 1.0283
83 2 296 0.0276126 0.588728
83 1 187 0.00868499 1.17992
83 2 192 0.0159865 0.707906
83 0 261 0.0136282 2.1038
83 1 201 0.0164286 1.63022
83 1 116 0.0263694 2.23454
83 2 209 0.0313695 2.22926
83 1 147 0.0201038 1.43187
83 0 200 0.0123239 2.42184
83 1 265 0.0269566 0.5
83 1 106 0.0114505 0.5
83 1 274 0.0216931 0.891404
83 1 24 0.0135503 1.95199
83 0 59 0.0201901 1.53982
83 0 66 0.0229701 1.51934
83 1 189 0.00558719 0.611542
83 0 150 0.0138298 0.930967
83 2 116 0.022982 0.790745
83 2 196 0.0259273 1.62211
83 2 201 0.0271838 1.13497
83 0 117 0.0223185 1.84563
83 1 10 0.016624 1.42869
83 2 169 0.0200788 1.97208
83 0 40 0.0239284 2.11862
83 2 265 0.00501234 1.29401
83 2 60 0.0254448 3.06049
83 1 209 0.0330309 1.13032
83 0 143 0.030395 1.66746
83 1 46 0.00841677 1.71068
84 2 203 0 0.80676
84 1 52 0.00343711 0.76119
84 2 175 0.0294366 0.934761
84 0 162 0.0204475 0.863801
84 1 237 0.0240145 1.50402
84 2 175 0.0121974 1.5821
84 2 245 0.000256104 1.23439
84 1 62 0.0259389 0.881001
84 0 68 0.030071 2.08969
84 2 291 0.0186654 1.62278
84 0 151 0.0294768 1.18816
84 2 229 0.0235091 2.28456
84 0 277 0.0192669 1.82276
84 0 263 0.0167025 1.34443
84 1 154 0.034107 1.5946
84 1 87 0.0164471 1.0985
84 1 1 0.0299334 2.40906
84 1 206 0.0382384 2.63297
84 1 163 0.0184486 1.65096
84 1 290 0.0286952 2.18922
84 0 158 0.0287902 2.18338
84 1 294 0.00689295 0.729858
84 1 86 0.0207688 1.54719
84 0 201 0.023961 1.19835
84 2 208 0.0176722 2.03942
84 1 3 0.0435976 0.972986
84 0 267 0.0336429 1.16209
84 0 166 0.0103736 0.872484
84 2 174 0 1.61157
84 1 67 0.0218023 1.32733
85 1 99 0.0215068 1.13359
85 2 149 0.0193161 2.26467
85 0 110 0.0152778 1.47757
85 1 197 0.0182833 1.67564
85 0 275 0.0321298 2.4957
85 1 13 0.0279324 2.25268
85 2 32 0.0166987 1.99525
85 2 53 0.0259551 2.15408
85 2 123 0.0180175 2.11811
85 1 205 0.0194538 1.75651
85 2 106 0.0205645 0.532753
85 0 140 0.0274 1.59895
85 0 201 0.00206547 1.06866
85 2 221 0.0171118 1.66921
85 2 256 0.0240309 1.93277
85 0 25 0.00124917 1.46159
85 2 288 0.0205552 0.877109
85 2 64 0.0258436 1.60544
85 1 224 0.01847 1.66785
85 0 266 0.0307539 2.43194
85 0 267 0.0182536 1.91305
85 2 257 0.0384623 2.30755
85 0 243 0.0288899 2.51895
85 2 255 0.0223457 1.40907
85 2 247 0.0206995 1.17923
85 2 238 0.0143151 2.9805
85 1 87 0.000756475 1.77392
85 1 65 0.0158672 1.05561
85 2 256 0.0217332 1.61293
85 0 165 0.011239 0.975652
86 2 57 0.026238 0.5
86 0 5 0.0462478 1.28657
86 1 76 0.0292118 1.57008
86 0 176 0.0259604 1.02236
86 0 222 0.00598038 1.59611
86 1 123 0.0027337 0.979885
86 1 162 0.0105062 1.47836
86 2 298 0.00727051 3.02082
86 1 201 0.0302919 1.08618
86 2 181 0.0225311 1.0679
86 1 233 0.0331625 0.5
86 2 34 0.0281434 2.44957
86 0 132 0.00966405 1.49837
86 2 290 0.0256597 1.47553
86 2 99 0.0231124 1.24085
86 0 229 0.0213359 1.5173
86 0 24 0.00707816 1.38859
86 0 197 0.0135133 0.651228
86 0 234 0.0226558 1.48146
86 0 295 0.00871732 1.55496
86 1 191 0.0238513 1.74244
86 0 58 0.0121398 1.8498
86 2 200 0.040232 1.63906
86 2 116 0.0252879 2.53983
86 0 92 0.0280888 2.67639
86 2 203 0.0305273 0.857281
86 1 204 0.0186574 1.20024
86 0 66 0.0099465 1.1754
86 1 221 0.0381895 1.54896
86 1 251 0.0162804 2.09029
87 1 136 0.031261 1.93276
87 0 214 0.0098315 1.47458
87 2 156 0.0132445 1.7615
87 2 190 0.0165249 1.08797
87 2 267 0.0290778 0.925705
87 2 155 0.0160054 1.40555
87 1 100 0.0284478 1.76792
87 1 134 0.0289902 1.98848
87 1 156 0.0208327 2.51462
87 0 17 0.0340932 1.75932
87 2 32 0.0194437 2.18078
87 1 203 0.0148899 0.909332
87 0 125 0.014975 0.548985
87 0 235 0.0233398 1.56952
87 1 124 0 1.10046
87 0 148 0.0075588 2.23313
87 0 12 0.0190475 1.01663
87 1 276 0.0143963 1.26666
87 2 85 0.0269658 1.2989
87 2 61 0.0100745 1.59031
87 2 189 0.0502843 1.40305
87 0 62 0.0104113 1.6533
87 1 210 0.0154591 1.36002
87 0 1 0.0301048 1.45783
87 1 58 0.0358757 1.16815
87 1 183 0.0258301 1.52431
87 0 237 0.0240565 1.78817
87 2 113 0.00966324 1.62291
87 0 159 0.00302511 0.5
87 1 13 0.0401439 0.96376
88 1 103 0.0138596 1.79293
88 1 2 0.00531485 2.2722
88 2 147 0.0184451 0.582578
88 0 16 0.0201095 1.20941
88 2 297 0.014485 2.19075
88 1 43 0.0452636 1.7093
88 0 177 0.0211639 1.50216
88 2 298 0.0219113 1.43147
88 0 264 0.013521 2.4345
88 0 104 0 2.39602
88 0 169 0.0197408 1.71216
88 1 245 0.00591104 2.84496
88 0 216 0.0284425 1.63533
88 1 125 0.021963 2.49936
88 2 232 0.0134508 1.15039
88 2 265 0.0258582 1.29174
88 2 127 0.0192756 1.59541
88 2 232 0.0145695 0.5
88 1 269 0.0315948 2.13851
88 0 138 0.0286693 2.05488
88 0 138 0.0349905 1.65891
88 2 57 0.0302823 2.28198
88 0 108 0.0218204 1.56483
88 2 92 0.00898618 1.11879
88 2 235 0.00702321 1.72641
88 1 282 0.0338939 1.22255
88 2 140 0.0263043 0.718793
88 0 40 0.0171251 2.60923
88 1 108 0.027439 1.45115
88 2 150 0.017794 1.72992
89 2 155 0.0208312 1.00857
89 0 271 0.0195265 2.03648
89 2 42 0.0153347 0.88438
89 0 126 0.0199149 2.3722
89 1 212 0.00876698 1.92605
89 2 281 0.0275156 1.2561
89 0 22 0.017668 2.40407
89 1 37 0.0210423 2.45156
89 1 246 0.0281354 0.774886
89 1 244 0.0282259 2.08743
89 2 180 0.0295989 1.49626
89 0 181 0.0183493 1.99103
89 1 26 0.020977 2.20255
89 0 185 0.00145522 0.900243
89 2 50 0.0102328 1.7701
89 0 84 0.00992565 1.5382
89 2 159 0.0208678 0.975618
89 1 227 0.0176729 1.63294
89 1 89 0.0276246 1.03196
89 2 164 0.0297583 0.526985
89 0 4 0.0167846 1.199
89 0 218 0.0255787 1.94173
89 0 272 0.0159048 0.512269
89 2 172 0.0335421 1.0829
89 2 245 0.0248278 0.617015
89 0 28 0.027517 0.720759
89 0 224 0.00126754 0.969567
89 2 298 0.0225782 0.976492
89 2 291 0.0269085 2.59352
89 0 142 0.00173211 1.27022
90 0 292 0.0179343 1.71534
90 1 161 0.00658461 1.47891
90 2 243 0.0048795 1.87495
90 1 143 0.0302475 1.9343
90 2 180 0.022842 1.74871
90 0 286 0.00526024 1.50542
90 0 184 0.0198794 1.80134
90 2 184 0.0162821 1.74993
90 2 254 0.00988191 1.2345
90 1 187 0.0273665 0.759872
90 1 83 0.0113715 2.0872
90 0 175 0.0214818 2.2158
90 2 6 0.00860396 2.57925
90 1 175 0.0124851 1.50716
90 2 135 0.018219 0.715888
90 0 29 0.0233194 0.882476
90 1 39 0 1.96145
90 2 49 0.0193453 2.08387
90 2 48 0.0209506 0.895191
90 1 141 0.0160876 1.76176
90 1 126 0.0348659 1.65807
90 2 67 0.0145285 0.772666
90 2 293 0.0054932 1.08417
90 0 64 0.00906688 1.8665
90 0 3 0.0168992 2.62625
90 1 299 0.0213331 1.47609
90 0 64 0.0186866 1.27354
90 0 210 0.0109947 1.3665
90 2 98 0.0208678 1.55238
90 1 65 0.0180294 0.701915
91 1 34 0.0272535 2.83063
91 1 172 0.0250954 1.56046
91 2 65 0.0132461 1.6886
91 2 246 0.0217817 2.00393
91 1 238 0.030564 0.728714
91 2 34 0.0206892 1.24382
91 1 217 0.0194617 1.04608
91 0 228 0.0223139 2.03759
91 0 267 0.00223471 0.5
91 0 89 0.0323802 1.5177
91 1 271 0.0214237 1.73702
91 1 16 0.00995896 2.31328
91 2 6 0.0295272 2.06805
91 1 285 0.0326727 2.38541
91 2 64 0.0246134 0.986576
91 1 129 0.0355669 2.34292
91 2 133 0.0299547 1.12981
91 0 133 0.0306203 0.5
91 0 239 0.0232586 1.74088
91 2 54 0.0205404 0.5
91 2 45 0 2.24486
91 1 190 0.0192395 1.71493
91 0 248 0.0270083 1.1457
91 1 98 0 1.702
91 0 211 0.036592 1.50256
91 1 90 0.0311274 0.567311
91 1 115 0.0206042 1.58571
91 2 151 0.0169052 1.90352
91 1 63 0.0225797 0.784189
91 0 243 0.0204284 2.08345
92 0 10 0.017202 3.21511
92 0 288 0.0126137 1.0413
92 0 146 0.0143916 2.83561
92 0 164 0.0249761 1.17598
92 2 256 0.0176024 1.13404
92 2 190 0.00323404 0.737452
92 2 93 0.00914875 2.41405
92 2 65 0.0283872 1.72475
92 1 169 0.0151815 2.06583
92 2 298 0.0264837 2.38206
92 2 296 0.00821175 1.49713
92 2 190 0.00974602 1.80976
92 0 38 0.0206136 1.80122
92 0 128 0.00881237 1.43749
92 2 71 0.0204977 2.25923
92 1 276 0.0201744 1.23569
92 1 204 0.0325781 1.47307
92 1 181 0.0145035 1.78627
92 2 7 0.00780078 1.4805
92 1 158 0.0177472 1.55783
92 2 141 0.0433834 2.51808
92 0 64 0.0205234 1.15699
92 1 291 0.00996885 1.76538
92 0 260 0.0144507 1.0966
92 0 149 0.0174471 0.763299
92 0 63 0.0284035 2.20062
92 2 63 0.0363814 1.86342
92 0 21 0.0107129 2.39625
92 1 217 0.0122162 1.58861
92 2 197 0.0195628 1.08376
93 2 80 0.0430909 1.42978
93 0 66 0.0366339 1.66411
93 2 63 0.0174766 1.21381
93 1 130 0.0189488 1.91658
93 0 19 0.0165545 2.14562
93 0 277 0.0202494 1.54425
93 2 294 0.0243879 2.97481
93 0 182 0.0105173 2.87397
93 0 252 0.0187181 1.80982
93 1 240 0.0176113 2.8243
93 1 76 0.0116293 0.865526
93 2 165 0.0233724 2.03184
93 0 155 0.0211225 0.915092
93 0 298 0.029167 2.06236
93 1 250 0.0135085 1.97269
93 0 182 0.0375875 1.7481
93 0 0 0.0326001 0.937515
93 2 177 0.0330941 1.98221
93 1 169 0.015146 0.5
93 0 212 0.0424859 2.03095
93 1 261 0.0243531 0.686695
93 0 200 0.0293792 1.40158
93 0 284 0.0283773 2.22256
93 1 148 0.0297863 1.82953
93 2 66 0.0103758 1.56555
93 1 257 0.0195638 2.31026
93 1 76 0.0276527 1.30449
93 1 254 0.030956 1.79803
93 2 182 0.00729971 1.98083
93 0 116 0.0192848 1.03977
94 1 242 0.0294878 2.05106
94 1 128 0 1.55151
94 1 289 0.0327967 2.25723
94 0 190 0.0119364 0.5
94 2 135 0.0328943 1.63621
94 0 271 0.0388282 1.23316
94 0 182 0.0186501 1.69743
94 0 88 0.0140482 0.791129
94 1 59 0.021716 1.32206
94 2 256 0.0235755 1.93611
94 1 50 0.0279852 0.5
94 2 255 0.0095713 1.89166
94 2 278 0.0233016 0.5
94 0 180 0.0103228 0.99686
94 2 10 0.0166073 1.40432
94 2 274 0.0243786 1.291
94 1 48 0.0266204 1.59031
94 2 186 0.0366838 0.983436
94 0 227 0.0154313 0.965695
94 2 93 0.0196687 2.17262
94 0 250 0.0231221 1.65403
94 1 146 0.0208976 0.599435
94 1 172 0.0233729 0.683657
94 0 191 0.0373275 1.84075
94 1 179 0.0205144 1.65497
94 0 79 0.008573 1.20641
94 2 25 0.0283588 2.13202
94 0 208 0.0298018 1.36905
94 0 110 0.0230301 1.66653
94 2 22 0.0275859 1.13309
95 0 77 0.0151673 1.52067
95 1 49 0.031391 1.33883
95 0 39 0.0149626 0.838956
95 0 248 0.0239614 3.38577
95 2 68 0.0131911 2.44373
95 1 130 0.010821 1.36918
95 2 93 0.000920063 2.39497
95 1 166 1.97704e-05 1.50016
95 1 227 0.0177882 1.35861
95 1 129 0.0171238 1.57416
95 1 288 0.0265161 1.1615
95 0 155 0.0248422 1.39826
95 1 287 0.0247677 3.05263
95 1 112 0.0293501 0.5
95 2 45 0.00380078 1.30087
95 2 102 0.00992476 1.03559
95 0 295 0 1.02151
95 0 6 0.0291085 2.3537
95 2 180 0.0291061 0.90967
95 1 104 0.0287512 1.42877
95 0 45 0.0305474 2.4606
95 1 259 0.0308069 0.5
95 1 279 0.0460273 1.08544
95 0 101 0.0227063 1.66114
95 2 243 0.00978856 0.5
95 1 42 0.0260236 2.1926
95 1 175 0.0132343 2.13069
95 2 92 0.0255802 0.5
95 0 42 0.0172016 1.85092
95 1 135 0 0.596045
96 1 273 0.0305022 0.598564
96 2 249 0.0135949 0.870656
96 2 279 0.00547141 2.91311
96 2 152 0.0216232 1.20341
96 0 285 0.0218283 1.26449
96 0 187 0.0271249 1.28298
96 2 100 0.0210158 0.5
96 0 105 0.00935771 0.806189
96 1 168 0.0140956 0.857634
96 0 205 0.0253955 0.5
96 0 205 0.00892749 0.805513
96 0 231 0.00803783 1.29557
96 1 118 0.0246232 2.34499
96 0 213 0.0358542 1.69295
96 2 60 0.025698 2.23714
96 1 173 0.0243879 1.16964
96 1 43 0.0271087 2.2541
96 1 233 0.0420255 1.99549
96 1 222 0.0214841 1.236
96 0 143 0.0181062 1.20788
96 1 200 0.0151991 1.65547
96 1 149 0.0286387 0.919632
96 2 84 0.0270857 1.34985
96 0 113 0.0265193 0.5
96 1 135 0.0194281 1.79597
96 1 118 0.0171881 2.5418
96 0 236 0.0249249 2.21019
96 1 199 0.0220166 2.3347
96 2 93 0.0235173 0.891892
96 1 73 0.0197031 1.22505
97 2 89 0.0303335 1.84455
97 2 51 0.0152632 1.7161
97 2 43 0.0233099 2.49455
97 1 93 0.0078819 1.54593
97 2 189 0.00356454 1.79782
97 1 127 0.03172 2.25827
97 2 121 0.0247147 1.28251
97 0 205 0.0473954 1.91401
97 1 171 0.0088714 2.05177
97 1 178 0.0191792 0.5
97 0 48 0.0225212 0.5
97 2 225 0.0150798 1.15591
97 2 283 0.0179667 1.29204
97 2 101 0.0168793 2.38417
97 0 76 0.0443658 2.37011
97 0 48 0.029115 2.61736
97 0 229 0.0129551 2.10364
97 2 64 0.0220731 1.53173
97 1 194 0.0111378 1.19462
97 1 196 0.0242681 1.26763
97 2 202 0.018573 1.68486
97 1 56 0.00262656 1.62892
97 2 190 0.0179272 1.13628
97 0 279 0.0128512 0.795188
97 2 30 0.0213866 0.534085
97 1 41 0 1.3834
97 2 131 0.0298487 2.00617
97 1 177 0.0077745 1.92142
97 2 202 0.0152083 1.06512
97 0 85 0.0283414 2.3186
98 2 116 0.0254941 2.20031
98 0 148 0.014933 0.5
98 2 35 0.0276534 0.897644
98 2 195 0.0184878 1.22477
98 2 158 0.028771 2.029
98 2 142 0.0260333 1.07499
98 2 44 0.0284411 1.7056
98 2 199 0.0267482 2.18922
98 1 135 0.0262729 1.34578
98 1 196 0.0323386 1.11303
98 2 3 0.0333651 2.27614
98 1 45 0.0402018 2.05955
98 2 33 0.024835 2.11439
98 0 178 0.0123004 1.96758
98 1 165 0.0253199 2.8811
98 1 245 0.0409086 0.5
98 2 216 0.022947 1.53988
98 1 160 0.0191437 0.972025
98 1 296 0.0154381 1.93169
98 0 251 0.000212287 2.56318
98 1 224 0.0179015 0.813821
98 2 274 0.0326629 0.962498
98 0 223 0.0215606 2.19598
98 0 269 0.0210693 1.44634
98 0 66 0.0231494 0.953667
98 1 101 0.0206285 1.4166
98 0 134 0.0324772 0.759755
98 2 201 0.0174479 0.953337
98 0 67 0.03006 0.654416
98 0 233 0.027112 2.71973
99 1 289 0.0261178 0.881344
99 2 102 0.00521511 1.69617
99 1 160 0.0286943 1.25819
99 0 104 0.0123127 1.20157
99 0 149 0.0281956 1.53558
99 1 160 0.0241394 0.905338
99 0 266 0.0203112 0.5
99 1 175 0.0176684 1.39551
99 2 137 0.0212907 1.19818
99 0 195 0.0208071 1.44023
99 2 267 0.0127481 2.76431
99 0 98 0.017524 1.58373
99 0 56 0.0192708 1.86636
99 1 43 0.00320546 2.04875
99 2 222 0.0265052 1.55743
99 1 88 0.0128664 2.58054
99 1 193 0.00795025 1.12753
99 0 265 0.0366251 2.11735
99 0 1 0.020144 0.674051
99 0 67 0.0220563 1.71715
99 0 241 0.0212545 0.5
99 2 254 0.0170694 0.928678
99 0 228 0.0288947 1.34798
99 0 239 0 1.62268
99 0 118 0.016627 2.03107
99 2 50 0.0194942 1.07233
99 0 53 0.0172647 1.10031
99 0 120 0.0202098 1.05776
99 1 167 0.0269574 0.5
99 0 226 0.00817375 0.906229
