0 84 0.000167811 2.07395
0 90 0.000238961 1.47908
0 88 0.000153298 1.82123
1 98 0.00013902 2.46302
1 95 0.000428404 1.53138
1 92 0.000100665 0.824644
2 86 0.000192965 1.9188
2 87 0.000276821 1.23501
2 89 0.000261908 1.08256
3 95 0.000280121 1.70283
3 91 0.000251914 1.89495
3 94 0.00015881 2.17622
4 94 0.000120688 1.06922
4 96 0.000278457 2.36957
4 87 0.000272772 2.01633
5 87 0.00029811 1.4607
5 97 0.000317043 1.65631
5 90 0.000308155 1.45452
6 95 0.000353702 2.71729
6 97 0.00022225 2.23963
6 95 0.000238108 1.3358
7 86 0.000280203 1.85487
7 93 0.000233756 0.963559
7 84 0.000231235 2.17179
8 90 7.82151e-05 1.87879
8 97 0.000111544 1.89215
8 96 0.000131654 1.46707
9 87 0.000249284 1.42681
9 92 9.30436e-05 2.19661
9 95 0.000224015 2.4885
10 95 0.000322865 1.89644
10 89 0.000113738 0.5
10 97 7.8087e-05 0.832288
11 92 0.000296273 1.16067
11 87 0.000322628 1.93318
11 93 0.000324033 1.54617
12 91 0.000181597 1.45223
12 92 0.000211708 1.52636
12 90 0.000264561 1.99586
13 96 0.000144336 1.47802
13 95 0.00021098 1.06368
13 86 8.94392e-05 1.1481
14 95 0.00018297 0.69785
14 99 0.000291325 1.59376
14 90 0.000327847 1.69128
15 92 0.000227281 2.63554
15 95 0.000199162 0.5
15 94 0.000206095 1.36001
16 99 8.6478e-05 1.7169
16 95 0 1.17581
16 89 0.000185753 2.11961
17 89 0.000234579 1.69044
17 86 0.00026639 2.27949
17 99 0.00029037 2.43863
18 89 0.000202574 1.21223
18 99 0.000406817 1.65352
18 95 0.000355201 2.05655
19 96 0.000263457 1.92505
19 86 0.000342939 1.34825
19 96 0.000229578 2.34704
20 92 0.000126389 2.04682
20 84 8.31626e-05 0.698595
20 99 0.000169088 0.779579
21 85 0.000182943 1.45645
21 92 0.000168979 1.47155
21 93 6.57532e-05 2.5659
22 95 0.000303773 1.59253
22 86 7.23227e-05 1.03202
22 97 2.47467e-05 1.66028
23 96 0.000318075 1.17088
23 88 0.000113104 1.30222
23 85 0.000206544 2.12555
24 86 0.000213683 1.68092
24 87 0.000105955 0.952573
24 93 0.000261767 0.5
25 88 5.60412e-05 1.54486
25 84 0.000289251 1.80736
25 89 9.79935e-05 1.55455
26 99 5.03376e-05 2.08628
26 91 0.000261473 1.28039
26 89 0.000215428 2.53921
27 93 0.000129102 0.732858
27 87 0.000177646 1.02418
27 89 0.000190174 2.16901
28 91 0.000328134 0.5
28 91 0.000166767 0.982574
28 91 0.000139994 1.84593
29 89 0.000131614 1.34159
29 90 0.000203472 2.10153
29 89 0.000198383 2.29448
30 91 0.000141703 1.84774
30 87 0.000363062 2.10428
30 94 0.00022117 1.58599
31 89 0.000228206 0.5
31 86 0.000374543 1.69337
31 95 0.000213788 1.11348
32 88 0.000146439 2.60941
32 93 8.36201e-05 0.5
32 85 0.000224188 1.18666
33 85 0.000290989 1.4932
33 93 0.000201778 2.10592
33 84 0.000267805 1.55556
34 88 0.000316896 2.23709
34 98 0.00034541 1.0281
34 85 0.000202124 1.6714
35 93 0.000193727 1.18673
35 84 0.000218466 1.41476
35 96 0.000190964 0.932981
36 89 9.35233e-05 2.1295
36 88 0.000299059 1.1692
36 91 0.00028386 2.02163
37 95 0 1.35873
37 84 0.000313459 1.70917
37 86 0.000298402 0.662837
38 86 0.000346503 2.60639
38 90 0.000291545 0.5
38 95 0.000253203 1.04701
39 85 0.000155628 1.514
39 84 0.000218926 1.04193
39 87 0.000272868 1.64525
40 92 0.000284063 2.42011
40 91 0 1.7294
40 91 0.000262507 1.04164
41 85 7.18605e-05 2.39604
41 95 0.000219978 1.33251
41 95 0.000264153 1.65821
42 97 0 0.98587
42 88 0.000352302 2.01633
42 93 0.000287109 0.877055
43 88 0.000226345 0.514887
43 85 0.000231596 1.01681
43 86 0.000218185 2.16551
44 94 0.000423797 0.986624
44 99 0.000146241 0.688016
44 94 5.64411e-05 1.66126
45 97 0.000128763 1.81582
45 87 0.000222118 1.13056
45 85 0.000117126 0.5
46 93 0.000303202 1.27427
46 97 5.76623e-05 0.821729
46 85 2.92276e-05 1.19598
47 91 0.000245764 1.43247
47 98 0.000145925 1.23539
47 90 0.000254961 0.5
48 86 0.000200341 0.799988
48 98 0.000346657 1.53384
48 92 0.000290817 1.39441
49 90 0.000220445 1.6593
49 97 0.000100222 2.09051
49 92 5.10933e-05 1.08468
50 85 0.000159784 1.63571
50 87 0.000279252 0.594227
50 95 0.000158594 0.946908
51 88 0.000222356 2.12009
51 95 0.000512787 1.27288
51 91 0.000218093 1.64196
52 91 0.000124929 1.84295
52 87 0.000292082 0.845486
52 99 0.000336341 1.24176
53 92 0.000226469 0.719312
53 98 0.000191622 0.665177
53 98 0.000255194 2.07931
54 92 0.000298012 2.10024
54 98 0.000138373 1.80676
54 86 0.000261256 1.92142
55 97 0.000167132 1.7815
55 95 0.00033753 1.86745
55 99 0.000235501 1.50206
56 93 0.000258345 2.32369
56 91 0.000144386 1.29972
56 94 8.04526e-05 1.21709
57 95 0.000136001 1.95301
57 87 0.000380581 2.34724
57 86 0.000117875 1.61303
58 84 0.000184725 1.97606
58 95 0.000297227 1.1082
58 96 0 1.58307
59 86 0.000109595 2.4765
59 99 0.000353202 2.45055
59 88 0.000324766 2.46509
60 92 0.000167399 1.34652
60 96 9.44247e-05 1.84668
60 93 7.76127e-05 0.972053
61 92 0.000192659 1.36542
61 99 0.00020555 1.56448
61 90 0.000300145 1.50168
62 97 0.000215396 1.51303
62 98 0.000267727 1.68173
62 94 0.000211462 1.00989
63 92 0.000239235 0.797148
63 93 0.000208285 2.00069
63 90 0.000132787 2.23367
64 95 0.0003034 1.29096
64 84 0.000203165 1.00154
64 84 1.23499e-05 0.934092
65 99 4.01394e-05 1.79895
65 88 0.000149485 0.938444
65 95 0.00012668 0.939594
66 96 0.000320884 1.64489
66 85 0.00015332 0.832646
66 95 0.000145665 1.53779
67 98 0.000126638 2.16066
67 99 0.000260021 1.32742
67 90 0.000122872 0.651445
68 93 0.000292096 2.14537
68 92 0.000233542 2.14615
68 91 0.00025241 1.32681
69 99 0.000257317 2.04424
69 89 0.000159541 1.22285
69 85 0.000393376 1.116
70 91 0.000114127 2.07858
70 89 0.000282973 0.827716
70 84 7.53779e-05 2.01845
71 98 0.000278198 1.42896
71 94 0.00019823 1.19381
71 99 8.5792e-05 2.25361
72 85 8.80826e-05 1.45469
72 86 0.0001802 2.00183
72 87 0.000275069 1.30752
73 93 0.000149102 1.10804
73 99 0.000155663 1.40345
73 85 0.000462169 0.811492
74 98 0.000194574 1.40542
74 89 8.87826e-05 1.60206
74 86 0.000332425 1.0245
75 97 0.000125676 2.31763
75 96 0.000125103 2.59833
75 91 2.47721e-05 1.25308
76 93 0.000144052 1.81734
76 84 0.000219035 1.27714
76 91 0.00012238 1.07262
77 90 4.90728e-07 1.54271
77 86 5.58714e-05 1.17332
77 90 0.000353655 2.06479
78 96 1.58431e-05 1.14323
78 86 0.000223205 1.35061
78 92 9.70689e-05 2.79164
79 98 0.000335532 1.2978
79 99 0.000394021 1.25604
79 94 0.000371927 1.7108
80 88 0.000303219 2.0736
80 84 0.000213093 1.45241
80 98 0.000177568 1.18568
81 84 0.00025487 1.18843
81 97 0.000294123 1.79256
81 92 0.000199016 1.52674
82 96 0.000189494 1.20311
82 86 0.000330074 1.79451
82 95 0.000197032 0.855294
83 91 0.000304647 1.72286
83 98 0.000270399 1.50718
83 90 0.000127273 1.23129
84 89 0.000177883 1.06245
84 92 0.000242341 2.28205
84 92 0.000254548 2.82391
85 87 0.000130388 2.26638
85 95 0.000296123 1.7325
85 98 0.000203661 2.26435
86 96 0.00010542 1.76359
86 97 0.000207629 2.1203
86 90 0.000303714 1.50035
87 84 0.000329857 1.57881
87 86 0.000303987 1.24443
87 93 0.00025627 1.89052
88 99 0.000329383 1.87622
88 91 0.000126116 0.533099
88 92 0.000263254 1.29417
89 99 0.000101976 0.860848
89 94 0.00017373 2.25099
89 94 0.000279118 1.72629
90 95 0.000160206 1.22026
90 93 0.00022891 1.72552
90 95 0.000138761 1.42117
91 95 0.000191688 0.916217
91 97 0.000136551 1.01845
91 94 0 1.55798
92 89 8.6214e-05 1.02415
92 95 0.000266187 0.724421
92 94 0.000227576 1.69474
93 87 2.50495e-05 1.6333
93 94 0.000194399 0.969713
93 86 9.93127e-05 0.985672
94 96 0.000111411 0.5
94 88 0.000133502 1.65945
94 84 0.000291414 1.20126
95 94 0.000201782 2.61576
95 89 0.000172718 2.02657
95 95 0.000180317 1.21467
96 85 0.000167462 1.66283
96 92 0.000245982 1.07029
96 98 7.74917e-05 1.67644
97 85 0.000227142 1.1798
97 98 0.000409912 0.5
97 98 0.000226095 2.21889
98 86 0.000183508 2.08101
98 85 0.000168262 1.47233
98 98 0.000347776 1.45884
99 97 0.000153315 0.5
99 89 0.000307826 2.7198
99 87 0.000199554 1.38536
