0 87 0.000441472 1.17969
0 84 2.6317e-05 1.87994
0 85 0.000439616 1.42118
1 90 0.00090545 1.127
1 93 0.000396873 0.5
1 99 0.000208826 1.74252
2 88 0.00046191 1.46867
2 96 0.00030573 1.13192
2 88 0.000213756 2.72892
3 86 0.000643152 1.89878
3 87 0.000585615 1.79165
3 86 0.000634119 1.51106
4 92 0.000511332 1.37991
4 88 0.000593533 2.26856
4 89 0.000353796 1.54193
5 92 0.000594039 0.741673
5 87 8.65123e-05 1.55027
5 95 0.000119147 2.63405
6 94 0.000637433 1.71226
6 95 0.000489926 1.48055
6 98 0.000547601 0.850782
7 94 0.000353444 1.77771
7 94 0.000477889 1.25579
7 99 0.000659067 1.49086
8 94 0.000423889 2.04254
8 95 0.000501205 1.6563
8 87 0.000161694 1.09169
9 99 0.000343427 0.5
9 90 0.000309369 1.86647
9 94 0.000609095 2.18433
10 87 0.000378427 1.69359
10 96 0.000784468 2.02102
10 88 0.000552994 1.77126
11 93 8.95881e-05 1.16151
11 92 0.000478758 1.80185
11 91 0.000273463 1.29057
12 88 0.000655245 0.586375
12 85 0.000605133 1.20298
12 89 0.000386614 1.84244
13 84 0.000574447 2.30751
13 88 0.000299599 1.22174
13 91 0.000520564 0.632952
14 89 0.000407474 1.71748
14 98 0.000834659 0.528237
14 88 0.000515788 2.37228
15 90 0.000453009 2.01627
15 95 0.00011777 1.80381
15 98 0 1.99547
16 97 0.000271766 1.90124
16 92 0.00100872 2.86578
16 91 0.000662479 1.15318
17 99 0.000607168 1.62564
17 88 0.000223271 1.49359
17 93 0.000831118 1.98653
18 95 0.000368203 1.86008
18 88 0.000653425 1.44112
18 90 7.10652e-05 1.43808
19 93 0.000643722 2.27744
19 95 0.000761966 1.2151
19 97 0.00052652 2.34351
20 97 0.000663346 1.29292
20 98 0.00048324 1.08987
20 90 0.000430445 2.04867
21 96 0.000321595 1.59715
21 99 0 1.61492
21 97 0.000341601 1.38545
22 96 0.00063773 0.896352
22 88 0.00053595 1.95849
22 97 0.000546418 0.965065
23 88 0.000136022 1.94111
23 89 0.000613759 2.26114
23 90 0.000589063 2.1237
24 97 0.000457581 0.743813
24 89 0.00051601 2.04384
24 94 0.000628174 1.71194
25 92 0.000468012 1.31033
25 86 0.000259307 0.770346
25 97 0.000220987 1.94819
26 99 0.000754543 1.63731
26 85 0.0002585 2.74157
26 89 0.000468634 2.16783
27 84 0.000136492 1.68895
27 91 0.000401518 1.34538
27 94 0.000196964 2.83328
28 98 0.000320649 1.39804
28 89 0.000485926 1.01211
28 84 0.00046081 1.92352
29 97 0.000434947 0.82563
29 99 0.000312456 1.30805
29 97 0.000710227 1.69931
30 84 0.000301087 1.16019
30 95 0.000736349 1.70477
30 84 0.000520259 1.88324
31 89 0.000372587 1.03172
31 98 0.000254093 1.62658
31 91 0.000179838 1.77282
32 84 0.000443155 0.797737
32 89 0.000324396 1.40022
32 86 0.000343438 1.34673
33 92 0.000425682 2.59829
33 88 0.000402065 1.78003
33 86 0.000725046 2.36426
34 92 0.000380976 1.3861
34 94 0.000532878 1.65579
34 88 0.000494495 1.20255
35 86 0.000779009 0.5
35 85 0.000355602 1.85454
35 99 0.000585756 1.05669
36 99 0.000686537 1.93969
36 95 0.000558011 1.9181
36 99 0.000209162 2.79432
37 95 0.000509353 1.46439
37 88 0.000450586 2.06025
37 86 0.000491426 1.77373
38 86 0.000488181 0.566727
38 92 0.000559518 1.43864
38 99 0.00045934 1.15299
39 88 0.000275776 0.924363
39 88 0.000280562 1.81114
39 90 0.000223487 2.33784
40 87 0.000710933 0.641671
40 89 0.000822848 1.88507
40 90 0.000194971 2.42467
41 86 0.000389483 2.00256
41 84 0.000292591 1.6012
41 96 0.000683703 1.06743
42 91 0.000491938 1.78693
42 97 0.000507871 2.1269
42 94 0.000649963 1.3277
43 84 0.000569602 1.72924
43 91 0.000281398 1.66366
43 91 0.000413791 1.78324
44 99 0.000466656 1.33908
44 87 0.00049483 2.19899
44 86 0.000445234 1.60199
45 92 0.000446543 1.31562
45 98 0.000508209 1.06876
45 97 0.00037792 0.708136
46 85 0.000943231 1.44129
46 91 0.000530913 2.01126
46 86 0.000454116 1.72767
47 87 0.000597955 2.01516
47 99 0.000534402 1.50337
47 89 0.000864852 2.72294
48 96 0.000779959 2.25855
48 96 0.000707609 1.23706
48 96 0.000635177 1.541
49 87 0.00054533 1.82218
49 85 0.000382533 1.08004
49 92 0.000475529 1.43683
50 89 0.00063684 2.14234
50 96 0.000750918 1.11788
50 93 0.000287733 1.55053
51 86 0.0010341 1.8867
51 89 0.000163031 2.35208
51 94 0.000766695 1.11098
52 89 0.000344532 1.90594
52 90 0.00085526 1.70766
52 88 0.000286325 1.62969
53 93 0.000470382 1.87395
53 99 0.000873661 1.6304
53 94 0.000126926 0.5
54 95 0.000323921 0.665476
54 92 0.000579777 2.29605
54 96 0.00130384 1.25467
55 88 0.000619529 0.726417
55 90 0.000500888 0.974456
55 85 0 2.79127
56 88 0.000196606 1.43291
56 93 0.000430589 2.76686
56 96 7.69366e-05 1.65457
57 94 0.000665165 2.59758
57 87 0.000668353 2.12368
57 90 0.000945314 1.69418
58 97 0.000531202 0.5
58 97 0.000511709 1.18766
58 90 0.00063545 1.67448
59 97 0.000374671 1.84302
59 86 0.000328663 2.2529
59 84 0.00053239 0.5
60 87 0.00072481 1.84932
60 85 0.00038451 2.26613
60 92 0.000980908 1.37392
61 88 0.000627665 1.94584
61 88 0 1.88195
61 94 0.00077159 1.0598
62 90 0 1.23414
62 90 0.000704341 2.21434
62 93 0.00102929 0.707569
63 94 0 1.48132
63 88 0.00045555 1.16441
63 98 4.54803e-05 1.31707
64 98 0.000326232 1.01946
64 99 0.000479591 0.5
64 98 0.000415156 1.05609
65 86 0.00069764 1.16706
65 92 0.00027377 1.41175
65 93 0.000713489 1.52482
66 86 0.000460899 0.701912
66 86 0.000472794 0.811119
66 96 0.000588898 1.73307
67 87 0.000181108 1.18885
67 85 0.000461588 1.6424
67 84 0 1.8194
68 88 0.000191151 1.26803
68 86 0.000486504 0.783941
68 89 0.000625616 1.43325
69 84 0.000599492 0.987505
69 96 0.000605426 2.03478
69 90 0.000568246 0.706009
70 85 0.00015695 1.48666
70 96 0.000651012 2.0756
70 91 0.000554866 2.14355
71 94 0.000370396 1.5004
71 93 0.000438021 1.87825
71 95 0.000860674 0.950715
72 94 0.000710101 3.11526
72 94 0.000565616 1.44798
72 89 0.000406609 2.26783
73 91 0.000528951 1.67835
73 88 0.00047311 0.930397
73 92 0.000804188 1.87924
74 93 0.000161985 2.03067
74 85 0.000354836 1.35656
74 98 0.000524771 2.26573
75 98 0 1.1074
75 92 0.000760657 1.87021
75 89 0.000610959 0.796876
76 99 0.000423618 1.42619
76 85 0.000623203 1.27067
76 97 0.000849655 1.41499
77 96 0.000618522 1.87396
77 96 0.00027703 2.28307
77 89 0.00067666 1.38557
78 89 0.000279729 0.5
78 87 0.000454879 1.36771
78 90 0.000494026 0.782389
79 84 0.000473093 0.721504
79 94 0.00018399 1.52265
79 88 0.000405314 2.80288
80 95 0.000319887 1.92693
80 89 0.000657455 1.48845
80 84 0.000638111 1.01744
81 84 0.000489575 1.49616
81 84 0.000435099 1.37965
81 84 0.000355148 1.61759
82 96 0.000584269 2.45691
82 87 0.00111648 2.57623
82 99 0.000592811 0.820785
83 87 0.000823895 0.974864
83 85 0.000532287 1.36706
83 87 0.000518728 1.69702
84 89 0.00080216 1.99061
84 97 0 0.571772
84 86 0.000257874 1.62846
85 90 0.000840236 2.3489
85 93 0.00109698 1.06518
85 97 0.000560609 0.615551
86 88 0 1.43915
86 95 0.000409073 2.06376
86 84 0.000236172 1.32555
87 95 0.000345527 2.5225
87 95 0.00039789 2.06165
87 98 0.000785789 1.18539
88 88 0.000595205 1.08707
88 94 0.00100891 0.625972
88 88 0.000378733 1.56528
89 84 0.000342635 1.44184
89 98 0.000340174 0.906664
89 86 0.000330358 2.16172
90 95 0.000297339 0.833834
90 95 0.000790186 1.33709
90 96 0.00038284 1.08007
91 95 0.000688786 0.5
91 88 0.000120623 1.47943
91 94 0.000288031 0.5
92 94 0.000752423 1.26058
92 98 0.000448519 2.00382
92 89 0.00060401 1.63702
93 94 0.000720308 1.20134
93 97 0.000485575 1.29135
93 89 0.000529582 2.43765
94 89 0.000445638 1.51985
94 95 0.000496406 1.63728
94 97 0.000493388 1.9047
95 97 0.000861424 1.48184
95 91 0.000434013 1.14723
95 85 0.000167666 2.19795
96 89 0.000328347 2.06988
96 85 0.00106821 1.30708
96 99 0.000632929 1.53167
97 97 0.000217508 1.50468
97 86 0.000491389 1.72634
97 98 0.000542404 1.07028
98 97 0.000288543 1.68638
98 85 0.000950252 2.02077
98 93 0 2.27332
99 88 0.00084054 1.7622
99 93 0.000831474 1.69382
99 86 0.000449441 1.04124
100 95 0.000589482 1.915
100 96 0 1.56331
100 91 0.000601185 0.952123
101 98 0.00057421 1.32436
101 88 0.000493937 1.39918
101 92 0.00052535 1.92326
102 98 0.000565458 2.01467
102 84 0.000410032 0.820412
102 90 0.000460165 1.318
103 98 0.000742541 2.23082
103 90 0.000792255 0.5
103 88 0.000322448 0.692397
104 90 0.000833365 1.44864
104 99 0.000368165 2.07323
104 98 0.000562691 0.911527
105 90 0.00060501 0.5
105 95 0.000624821 1.52236
105 86 0.000453454 3.03063
106 85 0.000877102 1.98601
106 90 0.00016331 0.981716
106 98 0.000860978 2.20508
107 85 0.000352476 1.64543
107 91 0.000635221 0.523932
107 89 9.06343e-05 1.41406
108 91 0.000538694 1.29399
108 86 0.000822546 1.35333
108 85 0.000568667 0.573381
109 88 0.00028038 0.840766
109 87 0.000337658 1.07039
109 88 7.99446e-05 1.49765
110 96 0.000846716 1.72074
110 96 0.000232132 1.52153
110 91 0.000513092 1.23356
111 95 0.000139406 1.47568
111 97 0.000320945 0.843146
111 89 0.000566017 0.943504
112 97 0.000318086 1.44007
112 88 0.000518427 1.68746
112 89 0.000705469 0.71665
113 91 0.00045443 0.809923
113 99 0.000518944 1.31185
113 92 0.00068466 1.27043
114 88 0.000862237 1.42278
114 95 0.000574834 1.99424
114 97 0.000375872 1.32981
115 96 0.000464729 0.809586
115 99 0.000442392 1.03088
115 91 0.000348231 0.696914
116 90 0.000443818 1.75638
116 94 0.000772081 1.2438
116 90 0.000247714 1.42953
117 94 0.000397353 0.676076
117 86 0.00015831 2.45433
117 90 0.000392098 2.3192
118 95 0.000119777 1.85459
118 95 0.000428947 0.915735
118 95 0.000624951 1.30308
119 87 0.000691794 1.14533
119 87 0.000813377 1.23755
119 88 0.00067812 1.71456
120 90 0.000636952 0.5
120 84 0.000782808 1.28719
120 91 0.000590067 2.17428
121 95 0.000780036 2.08112
121 90 0.000780254 2.5663
121 91 0.000404319 0.5
122 86 0.000102941 1.99433
122 93 0.000955167 2.14953
122 92 0.000645865 1.95765
123 90 0.000375099 1.57286
123 97 0.000472117 1.86783
123 87 0.000758803 2.09192
124 94 0.000307069 1.10072
124 90 0.000549305 2.21221
124 85 0.000474747 1.23956
125 95 0.000706115 1.05255
125 97 0.000646313 1.67507
125 91 0.000733958 2.62821
126 88 0.000284897 0.876194
126 91 0.000414349 1.45158
126 85 0.000476782 1.21424
127 93 0.000449503 2.1218
127 91 0.000469772 0.81583
127 95 0.000742576 2.37175
128 99 0.000295557 0.898694
128 93 0.000334164 2.03358
128 84 0.000137851 0.974188
129 84 0.000651262 2.17343
129 99 0.000807703 1.71038
129 89 0.000290239 1.57722
130 87 0.000223191 1.01731
130 86 0 1.93199
130 92 0.000156534 1.95102
131 87 0.000310456 1.33269
131 91 0.000300247 2.40083
131 99 0.000182659 0.825197
132 93 0.000318344 1.83243
132 91 0.000870754 1.29272
132 97 0.000631283 1.89782
133 94 0.000382722 2.23516
133 86 0.000997831 1.12674
133 95 0.000481441 0.98509
134 94 0.000520132 0.956823
134 89 0.000933708 0.986748
134 97 0.000991199 1.76589
135 90 0.000379446 1.4296
135 97 0.000102026 1.87611
135 99 0.000759818 0.878931
136 89 0.000419524 1.24848
136 93 0.00087921 1.00773
136 84 0.000151535 1.98676
137 94 0.00047212 1.57824
137 87 0.000659263 2.28159
137 92 0.000243332 1.46595
138 98 0.000255023 1.08065
138 94 0.000471331 1.42207
138 98 0.000470558 2.04985
139 84 0.000465115 2.34106
139 85 0.000554485 1.89262
139 91 0.000736189 1.02826
140 94 0.00026447 1.63777
140 87 0.000810244 1.41723
140 88 0.000392245 2.5858
141 98 0.000817 1.90392
141 89 0.000318204 1.04304
141 96 0.000272348 0.681172
142 88 0.000749278 1.06607
142 90 0.000767681 1.40465
142 90 0.000685525 1.42668
143 91 0.000453681 2.42236
143 87 2.10312e-05 1.76597
143 90 0.000251265 1.3353
144 99 0.000671099 2.00471
144 94 0.000459821 1.00716
144 96 0.000643885 0.594833
145 87 0.000309976 2.10385
145 89 0.000585895 1.82178
145 84 0.000874305 2.15902
146 88 0.000518144 1.62535
146 91 0.000591664 1.06674
146 85 0.000535716 1.59296
147 99 0.000571014 1.45357
147 94 2.07388e-05 0.835329
147 91 0.000705357 1.20949
148 94 0.000170095 1.05397
148 99 0.00066233 1.57268
148 90 0.000337383 1.76856
149 89 0.000249161 0.5
149 89 0.000237283 1.42601
149 85 0.000402479 1.32104
150 94 0.000633681 1.47164
150 98 0 1.27466
150 84 0.000934968 1.75556
151 97 0.000337282 1.46456
151 92 0.00123853 1.67279
151 87 0.000548671 1.80706
152 90 0.000521853 1.34597
152 93 0.000495901 1.86171
152 91 0.000823145 2.27307
153 92 0.000305616 1.3913
153 98 0.000287583 1.91174
153 94 0.000598519 2.46741
154 96 0.000800997 0.906749
154 89 0.000395836 1.96647
154 89 0.000269185 1.22865
155 99 0.000148334 1.29206
155 98 0.000637763 1.55444
155 86 0.000355724 2.52323
156 93 0.00039069 1.06842
156 85 0 1.7401
156 92 0.000350753 1.88267
157 86 0.00014114 2.86945
157 96 0.000237305 1.89631
157 85 0.000433463 1.3122
158 91 0.000540542 0.936925
158 94 0.00067032 2.93453
158 84 0.000749722 2.05284
159 97 0.000931968 1.18795
159 88 0.000627912 0.830963
159 84 0.000526102 1.70536
160 87 0.000986156 1.24669
160 88 0.000472213 0.653453
160 99 0.000567563 1.51662
161 93 0.00040484 1.90785
161 92 0 1.49276
161 95 0.000765799 0.5
162 96 0.000416923 1.58393
162 86 0.000604613 0.5
162 94 0.000655267 2.09683
163 87 0.000575825 1.36185
163 88 0.000869762 1.85129
163 94 0.000904594 1.99234
164 98 2.46246e-05 2.186
164 94 0.000116658 1.6226
164 98 0.000413893 2.11177
165 99 0.000507865 1.44334
165 84 0.000339766 1.66215
165 96 0.000889627 1.83023
166 90 0.00102123 1.93589
166 98 0.000927108 1.04422
166 92 4.51653e-05 1.99379
167 89 4.51781e-05 1.77597
167 97 0.000540278 0.5
167 87 0.000981663 1.16024
168 85 0.000591376 2.22418
168 85 0.000533005 1.47729
168 89 0.000664416 0.582641
169 91 0.000584133 2.04499
169 96 0.000442144 1.3063
169 89 0.000547574 1.98539
170 94 0.000909394 1.79303
170 93 0.000422321 0.819586
170 91 0.000718681 1.18377
171 88 0.000533151 0.888033
171 89 0.000376055 2.74961
171 89 0.000484556 2.56803
172 97 0.00036402 2.95283
172 90 0.000268351 1.35806
172 90 0.000837839 0.997585
173 96 0.000154471 1.72974
173 99 0.000995778 1.68667
173 89 0.000392248 2.1659
174 95 0.000803188 0.5
174 96 0.000262609 2.4048
174 87 0.000343151 1.58364
175 89 0.000539516 2.17108
175 88 0.000761105 1.11202
175 88 0.000524628 1.03982
176 96 0.000176704 1.22375
176 92 0.00101672 0.720508
176 98 0.000475701 1.39871
177 99 0.000495191 1.52743
177 98 0.000732082 0.523673
177 90 0.000620958 1.31157
178 89 0.000337118 2.63229
178 94 0.000570677 1.57223
178 90 3.10753e-05 1.79295
179 98 0.000412649 0.926606
179 89 0.000345815 1.44524
179 86 0.00044703 0.5
180 87 0.00069443 1.82777
180 86 0.000720606 1.22277
180 99 0.0010122 1.88448
181 84 0.000737949 1.65231
181 86 0.000392851 1.41921
181 92 0.000448469 2.16521
182 84 0.000419708 2.14973
182 84 0.000546948 1.74601
182 87 0.000909341 2.41018
183 95 0.000731321 1.56848
183 88 0.000280227 1.60293
183 99 0.000874068 1.76029
184 86 0.000313201 1.06264
184 98 8.59083e-05 1.08855
184 97 0.000720953 1.85206
185 97 0.000770411 1.16331
185 93 0.000389349 2.12072
185 98 0.000401634 1.02566
186 97 0.000279523 2.04504
186 86 0.00053168 1.96535
186 99 0.000390857 1.5386
187 89 0.000255753 3.29889
187 97 6.01275e-05 2.16899
187 97 0.000582613 1.61329
188 92 0.000402729 1.04079
188 97 0.000786989 1.76397
188 95 0.0010148 1.50907
189 95 0.000906474 1.99399
189 96 0.000598187 2.097
189 93 0.000609524 1.10928
190 87 0.000788782 1.34303
190 89 0.000446566 1.76528
190 88 0.000196081 0.867831
191 89 0.000716249 1.01407
191 87 0.000457197 1.64043
191 90 0.000679627 1.36742
192 98 0.000516424 1.37772
192 93 0.000578117 1.78812
192 86 0.000408772 1.26728
193 91 0.000613325 2.00607
193 84 0.000390626 1.80174
193 89 0.000638749 0.798306
194 87 0.000740372 1.14663
194 90 0.000566545 2.02506
194 92 0.000401708 2.47666
195 97 0.000689935 1.30152
195 97 0.000686031 1.98075
195 84 0.00056605 2.34565
196 93 0.000584594 2.3898
196 85 0.000741023 2.29002
196 92 0.000531847 0.648514
197 85 0.000391803 2.05206
197 92 0.000557556 2.31453
197 91 0.000415739 2.22837
198 94 0.000644135 1.53798
198 87 0.000367443 1.87416
198 89 0.000113199 1.93593
199 87 0.000545235 0.722453
199 88 0.000654627 1.37816
199 87 0.000592869 1.29088
200 88 0.000458148 1.27966
200 93 0.000596305 1.98907
200 97 0.000599631 2.11879
201 97 0.000657438 1.27716
201 95 0.000613076 0.84706
201 87 0.00043179 1.98619
202 95 0.000205674 1.90735
202 89 0.000762137 1.50702
202 92 0.000103807 0.752412
203 87 0.00041866 1.93322
203 90 0.000229578 1.11229
203 90 0.000611343 2.38641
204 84 0.000520442 1.27459
204 93 0.000716343 1.41797
204 97 0.000802573 1.08567
205 87 0.000755134 1.19174
205 91 0.000436007 1.17719
205 92 0.000680559 1.73892
206 86 0.000600429 1.1957
206 86 0.000616716 1.72456
206 96 0.00028519 1.93966
207 96 0.000614666 2.17597
207 99 0.000810643 1.65172
207 91 0.000460069 1.58362
208 97 9.96741e-05 1.06147
208 98 0.000554333 2.2514
208 85 0.00062851 1.5743
209 91 0.00045098 1.03124
209 91 5.82868e-05 0.838703
209 86 0.000573096 2.79851
210 92 0.00044386 1.18141
210 86 0.000475341 0.958869
210 99 0.000558115 1.70742
211 90 0 0.540105
211 98 0.000862983 2.03297
211 87 0.000498228 1.9673
212 89 0.000615296 1.50763
212 92 0.000553573 1.58596
212 94 0.000404606 2.54886
213 85 0.000738483 2.87401
213 86 0.000807061 2.25276
213 99 0.000787019 1.89685
214 96 0.000585934 1.56397
214 98 0.00048363 1.81937
214 99 0.00090721 1.71608
215 97 0.00107339 0.519864
215 97 0.000270484 1.69074
215 97 0.000632469 2.09552
216 85 0.000767071 0.787598
216 89 0.000548096 1.23536
216 87 0.000515977 1.86771
217 85 0.000340319 2.05568
217 89 0.000234228 1.67788
217 93 0.000673017 0.992865
218 92 0.000667918 0.5
218 94 0.000248926 1.48941
218 97 0.000330485 1.6854
219 98 0.000127753 1.8774
219 85 8.33038e-05 0.5
219 97 0.000875643 1.4892
220 93 0.000341393 1.5157
220 96 9.3481e-05 1.40978
220 99 0.000627393 1.12296
221 90 0.000601783 0.924583
221 90 0.000978553 2.29058
221 88 0.00023518 0.641931
222 97 0.000769078 1.02372
222 93 0.000262133 1.91292
222 97 0.000480082 1.82772
223 98 0.000585779 0.760283
223 93 0.000838232 1.77049
223 94 0.000210292 0.727919
224 84 0.000596284 2.55364
224 84 2.02319e-05 1.83623
224 89 0.000174765 1.46302
225 84 0.000801753 1.43373
225 93 0.00086255 1.80991
225 88 6.98541e-05 2.87542
226 87 0.000313167 1.66239
226 98 0.000462921 0.762401
226 92 0.000824394 1.01104
227 97 0.000500203 1.30842
227 98 0.000327283 1.50545
227 95 0.000877056 0.741041
228 91 0.000532899 1.63209
228 85 0.000149444 0.882418
228 92 0.00074101 1.00324
229 95 0.000465318 1.00988
229 86 0.000291463 2.31845
229 96 0.00050608 0.5
230 93 0.00105443 1.19584
230 96 0.000274996 0.984573
230 98 0.000298699 1.22173
231 88 0.000185009 0.955046
231 91 0.000234564 2.10087
231 92 0.000312218 1.44842
232 98 0.000783556 2.2601
232 89 0.000813404 2.304
232 96 0.00066546 1.26519
233 91 0.000811208 1.429
233 90 0.000578632 1.05308
233 99 0.000116036 1.43697
234 84 0.000391407 1.32676
234 89 0.000448545 2.56112
234 84 0.000225038 2.11743
235 92 0.000684755 1.15558
235 99 0.000309221 1.5642
235 95 0.000484176 1.3472
236 91 0.00055873 2.10749
236 94 0.000973557 1.43697
236 98 0.001005 0.973325
237 90 0.000257213 1.32912
237 84 0.000700396 0.5
237 92 0.000267948 0.5
238 97 0.00069167 2.27096
238 96 0.000582708 1.09624
238 86 0.000842866 1.78545
239 97 0.000514383 0.693861
239 94 0.00064498 2.22113
239 99 0.000294207 0.942916
240 89 0.00119491 1.53089
240 94 0.00028511 1.6866
240 94 0.000447434 0.826677
241 97 0.00065637 1.91338
241 96 0.000682786 2.02392
241 96 0 1.57929
242 86 0.000669692 0.864137
242 94 0.000758414 0.784347
242 99 0.00017453 1.92514
243 85 0.000456287 0.821437
243 88 0.00033578 2.33344
243 90 0.000615929 2.74804
244 94 0.000912163 1.06978
244 84 0.000297817 1.89263
244 95 0.000493695 2.13321
245 89 0.000742857 0.5
245 88 0.000214715 1.285
245 87 0.000679831 0.671362
246 98 0.000323056 0.843817
246 97 0.000101511 2.38635
246 95 0.000437905 1.06572
247 85 0.000625125 1.63174
247 95 0.000352004 0.5
247 87 0.000593505 1.14873
248 97 0.000251106 2.85362
248 98 0.000184479 1.25276
248 93 0.000556016 1.83064
249 87 0.000248289 2.34926
249 95 0.000455834 1.13948
249 92 0.000397095 1.76132
250 85 0.000493674 1.96641
250 85 0.000960574 2.20772
250 97 0.000368938 0.5
251 84 0.000225188 1.12419
251 93 0.000357887 1.06715
251 92 0.000371112 1.41547
252 96 0.00016681 1.2625
252 91 0.000630475 1.55202
252 93 0.000789661 2.14227
253 92 0.000267942 2.11533
253 88 0.00069726 1.78959
253 95 0.000202061 0.876714
254 88 0.000907684 1.69909
254 86 0.000467196 1.28918
254 96 0.000340545 1.48603
255 86 0.000646653 2.08366
255 98 0.000298401 1.58991
255 91 0.000415262 1.59867
256 88 0.000485536 1.24109
256 97 0.000630991 1.85203
256 86 0.000879898 2.27388
257 97 0.000626838 0.675761
257 97 0.000522306 2.12318
257 87 0.000309293 0.599697
258 89 0.000333274 1.28647
258 95 0.000305073 0.722557
258 91 0.000106751 1.21496
259 95 0 2.70307
259 88 0.000156801 0.5
259 86 0.000793803 0.544753
260 88 0.000508644 0.623313
260 85 0.000817083 1.63847
260 88 0.000751812 1.72431
261 86 0.00080078 0.947138
261 90 0.000149371 1.50281
261 87 0.000831481 1.69188
262 95 0.000814928 2.50008
262 87 0.000614872 1.82301
262 88 0.000477146 1.11171
263 87 1.16574e-06 0.795315
263 84 0.000228823 1.83502
263 95 0.000546251 2.4096
264 87 0.000257567 1.93542
264 99 0.000433268 0.633191
264 99 0.0006581 1.88743
265 85 0.000621745 2.01153
265 95 0.000830808 2.40951
265 97 0.000773468 2.10142
266 91 0.00121595 1.04346
266 84 0.00050348 1.38389
266 91 0.00052964 2.52805
267 92 9.49034e-05 1.59888
267 88 0.000405779 1.5102
267 95 0.000865329 1.91497
268 97 0.000231815 0.91834
268 90 0.000462322 0.857478
268 98 0.000283106 1.39554
269 92 0.000718636 0.982453
269 89 0.000428463 1.31598
269 93 0.000216699 1.50291
270 98 0.00030778 2.18581
270 90 0.00025643 2.90496
270 87 0.000648973 1.38171
271 95 0.000373839 0.589139
271 97 0.000355798 2.63771
271 97 0.000226835 1.22176
272 86 0.000367208 1.35011
272 94 0.000996764 1.59918
272 89 0.000360468 0.862569
273 90 0.000656546 1.33053
273 90 0.000573967 1.36051
273 98 0 0.50422
274 88 0.000448116 0.690944
274 84 0.000583843 1.09872
274 84 0.000325587 1.75885
275 92 0.000789271 1.48645
275 93 0.000495947 1.93138
275 96 0.000533646 1.46286
276 91 0.000724037 1.11597
276 93 0.000472589 1.54459
276 92 0.000875854 0.5
277 85 0.000122557 1.47799
277 91 0.0002479 1.97084
277 99 0.000598885 1.74198
278 91 0.000167019 0.718753
278 99 0.000760909 0.512199
278 86 0.000554787 2.11596
279 95 0.000584373 0.5
279 95 0.000536857 1.26039
279 84 0.000519775 2.14408
280 87 0.000461222 2.24209
280 97 0.000123058 1.7512
280 86 0.000441579 1.18656
281 93 0.000733941 0.932967
281 96 0.000436619 1.0335
281 86 0.000648476 2.50344
282 92 0.000453486 1.13145
282 98 0.000709352 0.5
282 96 1.62926e-05 2.4078
283 92 0.000597808 1.07493
283 85 0.00077194 1.55244
283 91 0.000595667 1.91786
284 91 0.000404477 0.756284
284 98 0.000662521 1.74455
284 93 6.8235e-07 1.57207
285 89 0.000816865 1.86839
285 92 0.000229022 1.71929
285 89 0.000723582 1.94241
286 86 0.000466088 1.29309
286 91 0.000421068 2.14789
286 87 0.000649427 1.46836
287 92 0 1.6114
287 84 0.000130363 1.28557
287 94 0.000982831 1.35869
288 89 0.000538912 1.41652
288 90 0.000864701 1.57914
288 95 0.00073569 1.65906
289 89 0 0.932295
289 85 0.00033464 2.1177
289 91 0 1.54161
290 91 0.000213713 1.73689
290 91 0.000355365 1.67418
290 85 1.61622e-06 1.29649
291 88 0.000579318 1.27416
291 84 0.000457131 1.48077
291 99 0 1.47896
292 99 0.000723826 1.54211
292 92 0.000498203 1.48029
292 86 0.000529768 2.70786
293 90 0.000230956 1.55449
293 96 0.000456658 0.871773
293 95 0.00040106 2.25836
294 99 0.000213494 1.77031
294 96 0.000596055 0.93927
294 91 0.000237413 1.79237
295 91 0.000951774 0.726195
295 93 0.000397325 1.93651
295 88 0.000505598 1.35971
296 96 0.000530064 1.44359
296 90 0.000888957 1.35431
296 89 0.000749959 1.03325
297 95 0.000109198 1.15421
297 88 0.000663333 2.46272
297 98 0.000733151 1.36597
298 85 0.000613717 2.50991
298 92 0.000810283 1.86548
298 96 0.000316036 1.53414
299 99 0.000214538 1.12802
299 98 9.74071e-05 2.5781
299 87 0.00014061 2.16979
