0 2 96 0.00115461 1.8264
0 4 68 0.00133378 1.43914
0 3 14 0.0014229 1.69442
0 1 96 0.00168981 1.60174
0 0 57 0.000555301 1.35311
0 1 76 0.000697453 0.661873
0 3 29 0.00102273 1.36735
0 1 65 0.00202356 2.0958
0 3 72 0.00122163 2.12504
0 1 7 0.000639215 1.53859
1 2 9 0.00126406 2.57209
1 1 91 0.00103211 1.83139
1 0 54 0.00101368 1.58301
1 1 19 0.0011054 1.86794
1 3 52 0.00137337 1.75769
1 0 68 0.00135042 0.883213
1 2 73 0.00184042 1.04641
1 1 82 0.000815968 0.822797
1 4 68 0.00030398 0.658293
1 1 94 0.00132111 1.43758
2 1 33 0.0012075 0.836826
2 0 89 0 0.5
2 1 22 0.00163092 1.15684
2 4 66 0.00113055 0.945948
2 0 86 0.00102118 1.94162
2 0 1 0.00174142 1.90671
2 0 7 0.00132167 1.34963
2 2 9 0.000813548 2.81172
2 0 58 0.000971141 1.23421
2 3 57 0.000950543 1.73497
3 3 7 0.00132915 1.95369
3 4 78 0 1.71682
3 3 33 0.00186473 1.51742
3 1 58 0.00152484 2.52018
3 4 34 0.000666562 2.53695
3 2 33 0.0019189 1.45168
3 2 1 0 0.938084
3 3 14 0.00139045 1.51712
3 2 51 0.00129067 0.619443
3 4 41 0.00026008 2.03292
4 2 53 0.00196626 1.0415
4 1 29 0.00105806 1.45011
4 4 60 0.000822201 2.05259
4 0 98 0.00108648 1.62665
4 2 89 0.00100583 2.32627
4 1 4 0.000530518 1.34352
4 2 32 0.000872701 0.561639
4 1 26 0.00114991 1.57695
4 4 50 0.00134278 0.5
4 1 7 0.00102905 1.9327
5 0 95 0.00113039 1.3542
5 3 84 0.000697376 1.05842
5 0 78 0.00109243 1.97444
5 4 15 0.000624128 1.00559
5 4 13 0.000969994 0.991802
5 2 32 0.000172422 2.16376
5 1 94 0.00154761 1.81491
5 1 58 0.00130524 1.0273
5 1 32 0.00115211 1.65166
5 2 91 0.00079993 0.828014
6 0 19 0.000207207 2.25726
6 1 78 0.00124429 1.21102
6 4 37 0.00126202 2.1059
6 0 93 0.00176987 1.47668
6 1 80 0.000749975 1.39294
6 1 34 0.00104173 0.5
6 2 22 0.00167086 1.14605
6 0 66 0.00138983 0.737364
6 3 67 0.00100854 1.88942
6 2 12 0.00183902 2.30576
7 1 30 0.00128369 2.45279
7 2 9 0.000804642 1.70525
7 1 86 3.67107e-05 2.74653
7 0 28 0.00110423 0.526805
7 4 6 0.000759328 0.966806
7 3 76 0.000927209 1.3958
7 2 63 0.000929876 1.437
7 4 45 0.000731223 0.783118
7 3 59 0.000898651 1.17899
7 4 42 0.00109753 1.16053
8 0 9 0.000441629 2.4967
8 0 20 0.00145612 1.4586
8 3 54 0.000473005 0.848472
8 4 26 0.00089311 1.66211
8 1 29 0.000769474 1.7787
8 0 41 4.0851e-05 1.07013
8 2 70 0.000882132 0.754414
8 0 29 0.000486338 1.99633
8 3 74 0.000133357 2.42549
8 3 88 0.00095843 1.98379
9 2 82 0.000935932 0.824883
9 0 23 0.00166727 1.09651
9 1 46 0.00145236 0.971451
9 2 58 0.00084998 0.529868
9 4 76 0.000422416 1.28508
9 2 13 0.00185109 2.36497
9 2 62 0.000760687 1.74526
9 3 7 0.000332745 0.537579
9 1 57 0.00186706 0.957107
9 3 91 0.00125692 0.913269
10 2 23 0.000879776 0.761641
10 1 67 0.00123962 0.771448
10 3 29 0.000615697 1.88595
10 0 36 0.00114082 1.10389
10 0 21 0.00155038 1.79752
10 2 51 0.00145056 1.38307
10 4 24 0.00065183 0.568675
10 3 5 0.000404418 1.02562
10 2 45 0.00116589 0.930688
10 1 61 0.000398642 1.58885
11 1 36 0.000512486 1.79382
11 2 51 0.000900577 2.00551
11 2 60 4.02442e-06 1.20124
11 1 15 0.00175519 2.00363
11 0 54 0.00125644 2.26075
11 2 75 0.000722177 1.74336
11 4 36 0.00136322 0.5
11 2 63 0.00175873 1.66664
11 1 38 0.00112685 1.10246
11 1 10 0.00081609 2.84202
12 0 21 0.00119277 2.08
12 2 85 0.00086988 1.57118
12 3 67 0.000841714 2.01177
12 4 33 0.00186729 0.5
12 2 29 0.000426233 0.5
12 4 0 0.000639228 1.42668
12 2 96 0.00140784 1.10154
12 4 41 0.00163223 2.11902
12 3 59 0.000110845 0.93338
12 2 85 0 1.01948
13 2 16 0.00141801 2.63795
13 4 54 0.000115772 1.67865
13 4 15 0 2.01421
13 1 4 0.00110708 0.858477
13 0 49 0.00210038 1.15226
13 2 3 0.00119248 1.51364
13 1 55 0.000104197 1.54
13 3 44 0.0016254 1.63016
13 4 2 0.00116914 1.38566
13 0 56 0.000740169 0.5
14 1 5 6.85047e-05 2.0646
14 2 30 0.000737431 1.08869
14 4 26 0.000727934 0.86256
14 1 84 0.0012408 2.3487
14 4 47 0.000778636 1.47982
14 0 26 0.000415376 2.11978
14 4 73 0.000554438 2.50879
14 3 94 0.000998149 1.56744
14 2 73 0.0013207 1.80807
14 4 48 0.00103906 1.20295
15 0 85 0.00112828 1.97086
15 2 53 0.00143511 2.24887
15 4 63 0.000700403 2.13696
15 1 99 0.000839592 0.841575
15 1 0 0.000310182 1.54186
15 0 62 0 1.32891
15 0 37 0.000841897 1.46938
15 0 40 0.00199831 2.29706
15 2 84 0.00142649 0.540104
15 2 41 0.00108291 0.846015
16 4 66 0.00109425 0.75855
16 4 96 0 2.17108
16 1 8 0.00138906 1.94085
16 4 98 0.0009153 1.30825
16 3 61 0.000963777 1.70951
16 4 58 0.000759692 2.07151
16 0 52 0.00134839 0.5
16 3 34 0.000681126 1.84412
16 2 71 0.000529201 0.841707
16 3 34 0.00154089 1.58102
17 1 80 0.00160002 1.26661
17 2 10 0.00112349 1.9092
17 0 52 0.000947344 1.61663
17 2 19 0.00119417 1.30208
17 3 34 0.000353515 1.56765
17 2 75 0.000732995 1.62263
17 0 94 0.00128737 2.51163
17 1 0 0.00154582 1.36338
17 1 50 0.00187434 0.620781
17 3 80 0.000854053 1.97868
18 3 82 0 1.86682
18 3 61 0.000886549 2.13533
18 1 84 5.77412e-05 1.1761
18 2 24 0.00168742 1.14677
18 0 63 0.000251896 2.08975
18 1 74 0.00172091 2.05345
18 0 45 0.00150485 1.18138
18 3 48 0.00193525 2.04927
18 3 92 0.00145791 1.42556
18 3 34 0.000804155 1.28275
19 0 36 0.000255354 0.581641
19 0 1 0.00074192 2.33782
19 0 66 0.00111166 3.11737
19 1 55 0.000873685 1.49064
19 3 60 0.00239329 2.37609
19 1 11 0.00125877 1.83886
19 3 6 0.000683866 1.9834
19 4 81 0.000415188 2.76635
19 4 23 0.00136114 0.5
19 1 0 0.000800426 2.05017
20 1 83 0.00111635 1.28031
20 3 84 0.00045827 1.83341
20 3 60 0.0013743 1.15073
20 1 25 0.000686604 0.669826
20 4 21 0.000912533 1.60846
20 4 10 0.000463561 1.63848
20 1 83 0.00144193 1.00544
20 4 79 0.00141499 2.39234
20 0 56 0.0013028 2.39733
20 4 53 0.000474646 1.50203
21 4 62 0.00185658 1.08428
21 2 75 0 1.99883
21 2 11 0.000634883 1.11254
21 2 5 0.000306838 1.91082
21 3 59 0.0015576 1.59448
21 3 47 0.00130465 0.5
21 3 52 0.00120038 1.70519
21 2 67 0.0010833 1.19116
21 4 19 0.00120221 1.21991
21 3 93 0.00100459 1.40322
22 4 63 0.00107678 2.00237
22 0 62 0.00103997 1.23486
22 1 99 0.000493088 1.88896
22 1 61 0.000389844 1.72381
22 0 43 0.00178655 0.5
22 4 8 0.000338879 1.37348
22 4 68 0.00111195 1.71519
22 4 25 0.000982931 0.599765
22 3 76 0.000264361 2.82515
22 0 61 0.000847079 0.5
23 2 60 0.00147534 1.99065
23 1 67 0.00134703 0.696805
23 2 78 0.0014921 0.5
23 1 76 0.00101989 2.57863
23 1 45 0.00133112 1.39257
23 0 71 0.000913077 1.15908
23 1 92 0.000820256 2.0059
23 2 29 0.00194616 1.36117
23 0 45 0.000889932 2.15356
23 4 49 0.000927448 1.37223
24 2 40 0.000851986 1.48546
24 1 96 0.000889055 0.836956
24 2 98 0.0015464 1.22706
24 3 44 0.000790928 1.53074
24 0 59 0.00220676 1.70968
24 0 59 0.00054404 1.73368
24 2 64 0.0013903 2.26083
24 4 85 0.00126902 1.62516
24 3 27 0.000463741 2.01591
24 1 42 0.00103804 1.44371
25 4 9 0.00135766 1.93426
25 1 59 0.00121337 1.85331
25 1 24 0.00145869 1.08977
25 3 76 0.00115582 1.89714
25 0 62 0.00112305 1.62503
25 1 69 0.00143166 1.8409
25 2 27 0.00132391 0.5
25 3 4 0.000732782 2.5346
25 4 66 0.00133157 2.64779
25 3 3 0.0013198 1.8113
26 2 16 0.00155082 1.56076
26 2 4 0.000607139 1.63757
26 2 70 0.00113893 1.32926
26 0 71 0.00172986 2.26023
26 1 70 0.00100682 1.33669
26 0 41 0.00159677 0.724755
26 4 7 0.00138197 1.95465
26 0 64 0.000151971 1.2361
26 1 15 0.00118211 1.77985
26 3 31 0.00144517 1.6128
27 0 93 0.000944739 1.26081
27 2 6 0.000986442 1.73272
27 2 8 0.00120561 1.17086
27 3 97 8.41952e-05 1.00375
27 4 98 0.000556352 1.07047
27 4 14 0.000920501 0.878233
27 3 4 0.000716449 1.55475
27 1 53 0.00085629 0.983443
27 0 5 0.00124575 1.44913
27 0 92 0.000461653 1.12491
28 1 39 0.000468466 1.16182
28 1 30 0.00069477 1.51333
28 2 61 0.00072255 1.61668
28 4 19 0.000916123 0.500725
28 2 61 0.00108297 1.14327
28 4 44 0.00189063 1.62958
28 1 81 0.00108153 1.98643
28 3 8 0.000861958 0.5
28 4 71 0.00153389 2.65879
28 1 72 0.00126596 2.03478
29 1 96 0.0016499 0.5
29 0 3 0.000314482 1.295
29 0 44 0.00142469 1.51797
29 4 14 0.00118229 0.520365
29 2 57 0.000890871 2.09447
29 1 55 0.00128179 2.23995
29 0 10 0.00085325 2.0747
29 1 78 0.00076451 1.97936
29 1 43 0.000994913 1.6514
29 2 17 0.000908359 1.7226
30 2 0 0.000476208 0.5
30 2 69 0.000895265 1.04123
30 0 97 0.000792423 1.62791
30 4 48 0.000571548 2.22393
30 3 98 0.00036611 1.1874
30 0 79 0.0013174 1.41326
30 0 10 0.000362343 1.02458
30 2 64 0.00076866 2.35709
30 1 36 0.000638398 0.86494
30 0 68 0.000902204 1.08091
31 4 61 0.00076474 1.44389
31 3 0 0.000649111 1.64238
31 3 71 0.00027267 1.88676
31 1 81 0.000890985 1.28575
31 2 54 0.00126639 1.28132
31 4 16 0.000912961 1.73752
31 0 26 0.0015441 1.44459
31 1 30 0.00124441 1.79356
31 0 2 0.00071468 1.86067
31 2 38 0.00213885 1.65003
32 4 76 0.0010961 1.35153
32 0 43 0.00108044 1.3555
32 3 12 0.00139349 0.875668
32 3 31 0.00115909 1.4233
32 2 97 0.000738581 2.31803
32 3 99 0.00118807 1.84778
32 4 60 0.00121102 0.809428
32 1 71 0.00119655 2.44164
32 4 86 0.00141343 1.14693
32 3 70 0.00103194 1.75487
33 0 27 0.00138603 2.01149
33 1 57 0.000690513 1.10892
33 1 17 0.000250021 1.09889
33 3 43 0.000497135 2.08891
33 2 81 0.00106622 1.27484
33 4 80 0.000697104 0.585486
33 0 97 0.00169871 1.92125
33 2 23 0.0015345 0.51332
33 2 22 0.00124236 0.581302
33 2 4 0.00160662 1.00093
34 2 41 0.0017067 0.999369
34 4 90 0.00125787 1.26514
34 0 63 0.00163471 2.17275
34 4 42 0 1.4019
34 2 78 0.000705591 1.98411
34 4 28 0.00169382 1.16914
34 3 42 0.00109474 1.20839
34 2 56 0.00129224 1.80431
34 3 85 0.00088212 0.808661
34 4 7 0.00153172 1.85307
35 1 6 0 2.04957
35 4 6 0.00045888 2.44612
35 0 63 0.000634228 1.33644
35 3 83 0.000154774 1.0178
35 1 30 0.0014882 1.89656
35 4 97 0.000990199 1.2175
35 1 62 0.00125072 1.4701
35 3 49 0.00125685 1.39144
35 2 10 0.000580967 2.58146
35 0 77 0.000766887 0.652812
36 4 54 0.000982057 2.06335
36 1 30 0.000499318 2.23126
36 3 55 0.00103001 2.24884
36 3 38 0.00112018 1.78764
36 2 11 0.000803206 1.50928
36 0 8 0.0010474 0.913579
36 3 46 0.00169635 1.21158
36 0 11 0.00216287 1.66391
36 1 35 0.00140243 1.89386
36 0 35 0.00155579 1.059
37 2 61 0.000492961 1.77705
37 0 73 0.00191301 1.08539
37 3 18 0.00122374 1.71972
37 2 22 0 0.594921
37 2 38 0.000968781 0.5
37 4 95 0.000716857 2.42677
37 3 36 0.00122845 0.988309
37 0 19 8.77915e-05 1.61524
37 2 83 0.00093885 1.53881
37 2 60 0.0011352 0.800157
38 1 42 0.00063516 1.30829
38 1 34 0.000369324 1.83405
38 3 96 0.000674226 1.93649
38 2 31 0.000908955 0.732156
38 2 6 0.00161608 1.58562
38 1 40 0.00134824 0.617957
38 1 25 0.00099185 2.53298
38 0 43 0.000577051 0.740035
38 4 22 0.000689004 2.0532
38 2 94 0.000969777 1.62914
39 1 12 0.000983796 1.87286
39 2 90 0.000946315 1.23398
39 0 42 0.00113482 2.15497
39 1 34 0.00131323 2.41183
39 1 33 0.000852745 1.50343
39 2 30 0.000625671 1.97683
39 2 24 0.002054 2.43901
39 1 43 0.00109238 2.23668
39 1 81 0.000880422 0.932031
39 4 17 0.000796485 1.21749
40 1 6 0.000540592 2.06504
40 1 50 0.000577131 1.18018
40 4 96 0.000142566 2.40395
40 4 15 0.000410883 0.910222
40 3 88 0.000385361 2.27413
40 2 30 0.000913674 2.49926
40 3 92 0.00107206 1.88192
40 4 16 0.000148805 1.86607
40 2 97 0.00115941 1.1802
40 1 65 0.000463883 1.94899
41 2 11 0.000842512 0.602451
41 0 75 0.000676992 2.34324
41 2 81 0.000161175 1.40062
41 3 85 0.00156877 1.54185
41 2 62 0.00033298 1.6163
41 2 28 0.0013556 1.84579
41 0 55 0.000833696 1.65903
41 2 98 0.00143048 1.26491
41 1 48 0.00120326 1.12788
41 0 14 0.000629214 0.870582
42 3 62 0.000458399 1.69388
42 0 49 0.000683934 0.518114
42 3 33 0.00155064 1.73047
42 0 74 0.00162022 1.51842
42 3 22 0.00126077 1.46201
42 4 81 0.000543077 1.09112
42 3 57 0.00216087 0.843004
42 0 0 0.000372076 1.46997
42 1 13 0.00155738 1.83379
42 0 93 0.00082077 0.912484
43 1 8 0.00116586 1.56811
43 0 58 0.00143944 0.926665
43 4 69 0.00135139 0.695116
43 2 2 0.0019847 1.68998
43 1 34 0.00199464 0.724045
43 0 60 0.00163864 2.08287
43 4 60 0.00157218 1.30946
43 3 53 0.000715875 1.36041
43 4 18 0.000338945 1.79521
43 0 16 0.000776473 1.97076
44 4 60 0.00222563 1.12594
44 4 38 0.00158659 1.38986
44 3 71 0.00126657 1.79949
44 3 40 0.000572461 1.82001
44 0 54 0.0013939 1.9879
44 4 1 0.000625312 1.37527
44 3 87 0.000528859 0.97317
44 3 89 0.000874262 2.1766
44 1 64 0.000424441 1.25101
44 3 92 0.00109556 1.15319
45 4 88 0.000500915 1.7143
45 2 29 0.0013035 2.20209
45 0 51 0.000787692 2.27539
45 1 69 0.000820122 1.00406
45 1 63 0.00119934 1.21495
45 1 36 0.00178926 0.600113
45 0 74 0.0016653 1.34019
45 0 86 0.00111728 2.29196
45 1 7 0.000673495 0.657627
45 2 13 0.00137043 2.29907
46 2 49 0.00113767 1.34169
46 4 37 0.000658001 2.27783
46 4 28 0.00137945 1.76936
46 3 93 0.00154769 1.18555
46 1 85 0.00170721 1.56028
46 2 39 0.000887376 2.75586
46 4 82 0.00106534 1.9759
46 3 68 0.00100257 0.73886
46 1 92 0.00074071 3.28147
46 4 29 0.00159125 1.83651
47 3 69 0.000930919 1.48987
47 4 83 0.000576291 1.07116
47 2 76 0.000958948 1.91519
47 0 83 0.000474484 2.13644
47 3 93 0.000384548 2.53331
47 1 97 0.00047655 0.5
47 3 44 0.000524286 1.03837
47 1 32 0.000541114 0.5
47 2 17 0.0005976 2.41655
47 1 52 0.000298482 1.48603
48 4 75 0.00174186 0.5
48 0 0 0.000566795 0.88861
48 4 55 0.000157641 2.3005
48 4 45 0.000155929 1.37235
48 1 37 0.00120292 1.8374
48 3 16 0.000216021 0.966722
48 2 57 0.000369693 1.20309
48 4 49 0.000996315 1.43657
48 4 77 0.00144372 0.5
48 0 91 0.00112218 1.21718
49 4 42 0.00090729 2.9801
49 1 46 0.000654421 2.3551
49 1 22 0.00105871 2.36594
49 0 79 0.0019714 0.5
49 0 76 0.00108698 1.38762
49 2 25 0.00132152 1.36595
49 4 36 0.000938796 2.36323
49 0 49 0.00100728 2.43467
49 4 1 0.000308627 1.56836
49 1 4 0.000989958 1.42304
50 3 74 0.00114578 1.35856
50 2 10 0.00119844 1.71823
50 0 78 0 2.26589
50 2 54 0.001707 0.918545
50 4 42 0.00103722 1.76155
50 2 74 0.000885844 1.59212
50 4 70 0.000695878 2.1813
50 4 97 0.000513615 1.87119
50 2 75 0.000538242 1.58301
50 0 58 0.000239048 1.52
51 1 48 0.00222644 0.919665
51 2 11 0.000925362 2.17604
51 2 29 0 0.549444
51 0 80 0.00132895 1.77877
51 0 73 0.000542927 1.37899
51 4 36 0.00106371 2.3435
51 4 50 0.00129394 1.21559
51 2 80 0.000529913 2.49116
51 3 69 0.000157709 1.03372
51 3 39 0.000794388 0.5
52 4 31 0.00203847 1.44515
52 4 23 0.00156276 3.36442
52 0 52 0.000799047 1.44503
52 3 61 0.00197151 1.90673
52 0 94 0.00232669 0.85451
52 4 60 0.0008086 1.86963
52 2 46 0.000139909 2.41671
52 4 77 0.00182611 1.06228
52 1 11 0.00176811 1.12145
52 2 70 0.00170823 1.47331
53 2 99 0.000846862 1.15211
53 2 54 0.00130547 1.4006
53 1 48 0.000652936 1.33261
53 4 8 0.000640366 1.5257
53 4 33 0.00165274 1.9532
53 1 46 0.00106584 2.33339
53 2 49 0.000682169 1.19915
53 2 68 0.000278782 1.19488
53 4 98 0.000555203 0.815268
53 2 38 0.00111061 1.36999
54 2 93 0.000879634 2.13198
54 2 48 0.00191242 2.95734
54 2 63 0.000464102 1.50462
54 2 99 0.000354219 0.625539
54 2 88 0.000619995 2.66662
54 0 74 0.000582524 1.58567
54 1 83 0.00112605 1.31177
54 3 49 0.000693984 1.96364
54 2 19 0.00061155 1.09129
54 1 70 0.00118154 1.73634
55 0 74 0.000181518 0.592782
55 3 9 0.00103754 0.803491
55 4 88 0.000787287 0.868656
55 0 90 0.000699347 0.601911
55 4 6 0.00105529 2.12571
55 3 10 0.00110292 1.85512
55 2 18 0.0017894 0.997901
55 3 17 0.000946592 2.7857
55 4 52 0.000664764 1.23472
55 2 1 0.000732479 1.74872
56 0 47 0.000818841 1.4666
56 4 52 0.000229187 2.16501
56 0 56 0.00126784 2.27073
56 4 45 0.000160224 1.44621
56 4 40 0.00157152 2.10313
56 0 32 0.00120414 1.3799
56 4 4 0.000864855 1.42679
56 3 6 0.000828203 1.36609
56 4 47 0.00157288 0.960853
56 4 79 0.00052837 0.610578
57 0 94 0.000518013 0.5
57 4 54 0.000613474 2.32485
57 4 69 0.00128156 2.12935
57 4 18 0.000857823 1.09094
57 0 0 0.000491201 0.920582
57 0 34 0.0007764 1.36598
57 0 80 0.00124429 1.4378
57 3 20 0.00118845 0.5
57 0 67 0.000966714 1.78514
57 3 64 0.000937273 1.87895
58 4 56 0.00164317 1.6377
58 0 65 0.00129212 1.69049
58 4 72 0.00108205 2.09463
58 3 52 0.000643135 2.01809
58 2 61 0.00118448 0.864486
58 3 83 0.000953658 1.24956
58 4 53 0.00151594 1.15256
58 3 0 0 2.24086
58 0 38 0.00104109 1.6195
58 0 89 0.000590234 1.42458
59 3 47 0.00143599 1.30659
59 4 45 0.00171941 1.78204
59 4 58 0.000429657 2.55121
59 3 7 0.0016287 1.17638
59 4 93 0.000980535 1.96934
59 0 86 0.00128259 1.56887
59 2 68 0.00124181 1.43526
59 4 44 0.000163331 2.31088
59 2 20 0.0014934 1.59322
59 4 6 0.00161807 1.6423
60 0 9 0.000212752 2.01566
60 2 48 0.000923078 2.1038
60 1 29 0.00132458 1.64038
60 3 89 0.00193851 0.973207
60 1 91 0.00153034 1.69172
60 4 14 0.000705967 1.21222
60 2 96 0 0.5
60 4 31 0.000542141 1.54846
60 2 84 0.00065577 0.835817
60 1 16 0.00125607 1.90259
61 3 43 0.000630257 1.08198
61 4 26 0.00174546 1.4621
61 2 29 0.000297048 1.23175
61 0 52 0.00121749 2.44317
61 3 95 0.00095831 1.23869
61 4 33 0.000273082 2.05771
61 4 82 0.000885447 0.5
61 2 3 0.00050669 1.81314
61 2 18 0.00126895 2.39204
61 2 51 0.000963804 1.04356
62 0 51 0.00128109 2.61533
62 4 74 0.00158822 0.963455
62 3 1 0.000600183 1.52638
62 1 32 0.000209874 0.810972
62 3 61 0.000247628 1.58371
62 3 97 0.000591287 1.52851
62 0 67 0.00152108 1.30938
62 2 66 0.00187953 2.13333
62 0 86 0.000803457 2.37741
62 4 29 0.00168605 1.70561
63 1 36 0.00138874 0.69741
63 3 42 0.00131819 1.36478
63 3 65 0.000449619 1.57728
63 0 69 0.0010972 0.5
63 0 68 0.000747342 2.70085
63 4 87 0.000805764 2.50243
63 3 96 0 2.28509
63 3 64 0.00109796 1.66367
63 3 57 0.000971051 1.53306
63 1 29 0.000894865 1.20613
64 0 88 6.01218e-06 1.94324
64 3 70 0.000693179 1.05589
64 3 31 0.00109215 2.94414
64 2 47 0.000733429 1.92774
64 4 13 0.00121969 1.94091
64 1 61 0.00128275 1.99209
64 0 29 0.00121109 2.35696
64 0 27 0.00133874 1.67702
64 3 89 0.00128912 2.34683
64 4 82 0.000719216 1.21756
65 2 79 0.000897931 2.08574
65 2 33 0.000637831 2.05115
65 1 22 0.000973877 2.16661
65 3 70 0.00108381 1.70425
65 3 50 0.00175169 1.88783
65 3 19 0.00119982 2.24153
65 2 49 0.00151569 1.83251
65 4 96 0.000602404 1.25316
65 0 49 0.00037067 1.42221
65 3 1 0.000636111 2.38272
66 1 44 0.000883137 1.44997
66 3 44 0.000641974 1.03359
66 2 20 0.00144898 1.62034
66 0 13 0.00102189 1.20279
66 4 91 0.000465821 1.55219
66 4 75 0.00103851 1.7337
66 2 62 0.000679725 1.66688
66 1 82 0.00171714 1.75307
66 4 55 0.000399931 0.891829
66 1 61 0.00139838 2.83831
67 3 82 0.000681498 2.64929
67 3 31 0.00152662 1.03064
67 3 32 0.000951605 2.38451
67 3 59 0.00118709 1.59041
67 4 32 0.00127562 2.15838
67 3 14 0.00107671 0.5
67 0 42 0.0011932 1.38513
67 4 78 0.0011987 0.509567
67 1 38 0.00101934 2.38519
67 4 60 0.00155615 1.72841
68 2 25 0.0012759 0.768403
68 4 80 0.000194854 0.668213
68 2 15 0.00119317 1.51291
68 1 57 0.000108087 2.16204
68 3 49 0.00134929 1.95546
68 4 73 0.00175544 1.29704
68 0 27 0.00159852 1.74985
68 1 32 0.000474257 0.561489
68 2 27 0.000472566 2.76357
68 3 54 0.00126951 1.53324
69 0 70 0.000501542 1.61596
69 3 8 0.0016326 1.88892
69 0 13 0.00188799 2.65126
69 3 82 0.00129742 1.43607
69 0 24 0.00086952 2.58959
69 1 11 0.000382397 0.535913
69 3 51 0.00113693 0.5
69 1 52 0.00206799 1.72098
69 3 61 0.00273463 2.73079
69 0 47 0.00125495 1.11436
70 2 29 0.000865568 1.29091
70 1 95 0 0.5
70 3 82 0.00205107 1.53644
70 3 81 0.000731996 1.01645
70 2 68 0.000219523 0.5
70 4 37 0.0015682 1.94963
70 1 71 0.000499176 1.16137
70 3 64 0.00149259 2.00754
70 3 63 0.000371887 2.68252
70 4 1 0.00107813 1.63078
71 1 45 0.000623201 1.94698
71 0 69 0.00165684 1.25558
71 3 84 0.000994118 1.19855
71 2 67 0.000801274 2.42994
71 0 45 0.000524727 1.32992
71 0 35 0.00108525 1.96339
71 4 40 0.00107356 1.64284
71 1 75 0.00112362 1.34037
71 1 42 0.00138224 1.46058
71 0 67 0.000649393 1.49766
72 2 52 0.000457849 1.92195
72 0 5 0.00160816 1.3871
72 0 84 0.000304478 1.0079
72 0 91 0.000964766 2.24726
72 2 32 0.00110711 0.5
72 3 49 0.00157548 1.84514
72 1 88 0.000717128 0.964947
72 3 50 0.00065978 2.75944
72 3 81 0.0010025 1.64009
72 3 24 0 2.06036
73 3 87 0.00183426 1.11662
73 3 13 0.00107054 2.3712
73 0 75 0.00149068 1.44243
73 2 98 0.0010315 0.675125
73 0 14 0.000757533 1.33216
73 3 43 0.00124139 2.07621
73 3 86 0.000681951 1.2849
73 2 72 0.000991832 1.70774
73 2 43 0.000738465 1.71739
73 4 55 0.00102654 1.64042
74 1 50 0.000869878 2.80711
74 2 83 0.000912782 1.3351
74 0 45 0.00108345 1.41763
74 0 46 0.000500447 1.99949
74 1 22 0.000845972 0.904866
74 3 29 0.000350999 1.60799
74 4 46 0.00121334 1.03212
74 2 46 0.00124323 0.957573
74 2 11 0.000119358 1.12018
74 1 67 0.000840829 1.74385
75 1 5 0.000553434 1.45217
75 4 87 0.00127274 0.956557
75 4 8 0.00110235 1.66086
75 4 11 0.00027406 2.10103
75 2 70 0.000715942 1.76963
75 3 28 0.00134457 1.32059
75 1 39 0.000959274 0.711653
75 0 1 0.000844252 2.79021
75 3 40 0.00122196 1.7702
75 0 51 0.000834853 1.6819
76 2 26 0.00111613 1.36129
76 1 15 0.0011749 2.88067
76 3 70 0.000507417 1.21428
76 4 20 0.0017527 0.5
76 4 55 0.00118387 1.64554
76 3 76 0.00108272 0.5
76 2 12 0.00017759 1.74569
76 4 6 0.0016319 1.65762
76 1 57 0.000977758 1.89726
76 2 55 0.00153333 1.79799
77 1 87 0.00136747 2.24199
77 2 36 0.000281541 1.24779
77 2 25 0.00109998 1.62993
77 4 5 0.000716044 1.32012
77 0 58 0.000993156 1.73261
77 0 66 0.000748885 0.636447
77 0 1 0.000891197 1.50878
77 0 18 0.000506821 1.17941
77 1 93 0.00154908 1.27751
77 3 1 0.000945905 0.844371
78 3 5 1.79961e-05 1.44256
78 3 58 0.000318365 1.27648
78 2 22 0.00101315 1.85814
78 1 58 0.00183973 1.76496
78 4 14 0.000312272 1.65007
78 1 63 0.000944131 1.52075
78 0 21 0.000711984 1.38266
78 1 17 0.000536705 0.5
78 2 72 0.000866996 1.69127
78 2 85 0.000921312 0.984279
79 0 14 0.00132855 1.35604
79 0 50 0 1.57277
79 0 17 0.000791634 1.3555
79 3 83 0.00132321 1.47197
79 2 48 0.00154098 1.70787
79 1 23 0.000996291 1.69966
79 4 25 0.000626754 2.10762
79 1 66 0.000947463 1.19782
79 0 37 0.00188123 0.857682
79 1 2 0.00194165 0.738477
80 3 96 0.00157462 1.01973
80 3 67 0.000974931 0.57582
80 3 89 0.000863587 1.60411
80 4 18 0.00144168 1.2338
80 3 8 0.000668041 1.24413
80 0 86 0.00133677 1.10936
80 1 41 0.0007135 1.18312
80 1 22 0.00207998 1.63656
80 4 35 0.00171191 1.48009
80 1 16 0.000887788 1.44586
81 4 39 0.000844616 1.07851
81 4 83 0.000674507 1.71623
81 0 55 0.00139287 2.54163
81 3 92 0.00152823 1.69445
81 1 41 0.00112386 1.71139
81 1 65 0.000834219 0.96355
81 3 54 0.000436717 0.682652
81 1 6 0.000101824 0.516928
81 2 26 0.00098359 0.952712
81 1 11 0.000742708 0.5
82 1 86 0.00175342 0.579551
82 4 18 0.000757416 0.847059
82 2 99 0.00170446 1.53557
82 2 13 0.00194523 1.97371
82 4 84 0.00176866 0.5
82 4 41 0.000678164 1.75023
82 3 38 0.00101311 0.842479
82 1 22 0.000554231 1.26909
82 3 21 0.00110664 0.858953
82 0 56 0.00137438 1.65364
83 2 49 0.0015963 2.68181
83 0 26 0.00146367 2.06255
83 1 77 0.00146384 0.681209
83 3 42 0.00162395 1.73841
83 0 9 0.00138807 1.97412
83 1 57 0.000439857 1.57976
83 1 68 0.000589691 1.63746
83 4 47 0.00141939 1.50226
83 4 44 0.00124703 1.65572
83 3 71 0.000589453 1.70204
84 3 55 0.00194587 1.87156
84 4 83 0.00108709 1.93662
84 2 19 0.000747253 0.691445
84 0 17 0.000470146 2.45026
84 4 90 0.00127498 2.1139
84 1 82 0.00120417 0.817082
84 2 70 0.000390099 1.74993
84 0 15 0.000362036 2.88225
84 2 39 0.00111686 0.860072
84 2 65 0.000783431 1.64062
85 4 8 0.00132706 2.06359
85 4 37 0.000423729 2.34134
85 2 46 0.000909006 1.22849
85 0 86 0.000262764 2.03245
85 2 3 0.00119606 0.5
85 3 98 0.00148728 1.61198
85 0 94 0.000830481 0.5
85 4 85 0.00111381 1.27448
85 1 11 0.000133775 1.06533
85 0 84 0.00100727 1.80765
86 4 64 0.00148459 1.98357
86 4 40 0.00160011 2.25707
86 1 30 0.0016369 1.99279
86 3 26 0.000632067 1.61699
86 1 16 0.00160146 1.80309
86 0 65 0.000740651 0.617518
86 0 36 0.000908317 2.05198
86 0 95 9.45223e-05 1.46976
86 1 64 0.000881706 2.30663
86 1 96 0.000952681 1.35721
87 0 68 0.000832867 1.81774
87 1 10 0.000615146 1.21306
87 2 73 0.00123692 1.18041
87 2 97 0.000858555 2.43944
87 2 12 0.0001807 0.988687
87 1 51 0.00040589 1.51303
87 4 48 0.000836214 1.09639
87 4 56 0.00177862 2.52131
87 3 59 0.000795686 2.09045
87 0 48 0.000417128 2.0613
88 2 39 0.0010689 0.937675
88 2 54 0.00118793 2.09551
88 1 45 0.00108848 1.95322
88 4 8 0.00112395 1.96102
88 2 69 0.000288436 2.08603
88 1 51 0.00133241 0.908486
88 3 25 0.00143738 0.856389
88 0 96 0.00074721 1.88516
88 3 59 0.000519614 1.67101
88 0 66 0.000780272 1.43088
89 0 40 0.000993965 1.7935
89 2 76 0.000839218 1.75982
89 0 78 0.000741366 1.05596
89 4 84 0.000295112 1.52953
89 0 8 0.00122654 1.9389
89 4 15 0.00110762 2.62445
89 2 48 0.000835969 1.74125
89 1 1 0.000744487 2.50062
89 0 45 0.000714723 2.19893
89 3 28 0.000816731 0.5
90 1 40 0.000797587 0.78998
90 0 95 0.00140254 1.36438
90 2 92 0.000804629 1.27277
90 2 63 0.000856562 1.68487
90 1 15 0.00133608 0.913562
90 0 75 0.000641404 1.41183
90 3 81 0.00165208 2.30696
90 3 83 0.00144882 2.20252
90 0 7 0.000749991 2.25025
90 0 83 0.000183723 1.58185
91 0 23 0.000224976 0.627317
91 2 49 0.00142174 1.18977
91 0 48 0.000632397 2.345
91 2 59 0.00114369 1.2907
91 3 41 0.00120351 2.08883
91 0 85 0.000585166 1.5545
91 2 57 0.00185184 1.17603
91 3 42 0.000742821 1.04885
91 1 90 0.000748268 0.662718
91 0 48 0.000560609 1.67638
92 4 31 0.00116659 2.17548
92 0 65 0 1.78163
92 4 18 0.00143232 1.50906
92 4 94 0.0019486 1.18627
92 0 66 0.00076585 1.27155
92 1 83 0.00160174 1.80717
92 2 98 0.00151723 0.5
92 3 97 0.000668218 2.03078
92 1 36 0.00068534 1.62152
92 3 71 0.00125376 1.33895
93 1 69 0.00152107 1.36475
93 2 25 0.00059452 0.901166
93 2 57 0.000829501 1.41316
93 1 52 0.00121987 1.47409
93 2 17 0.000972042 1.03116
93 4 84 0.000732491 2.30867
93 1 13 0.000524131 1.73808
93 1 75 0.000452999 1.89777
93 0 38 0.000850738 1.79536
93 1 38 0.00218396 1.53825
94 0 52 0.000986785 1.61942
94 2 36 0 1.08993
94 2 46 0.000408887 0.812113
94 3 45 0.000763167 2.21682
94 0 34 0.00108572 1.41276
94 0 40 0.001766 2.15762
94 3 24 0.000527342 1.63805
94 0 62 0.00135653 1.82265
94 3 39 0.00126452 1.53148
94 2 5 0.000285192 0.851275
95 3 86 0.000943086 0.763115
95 2 26 0.001008 1.2888
95 2 50 0.000379075 1.99624
95 2 81 0.00132185 1.68054
95 4 42 0.00118044 1.04274
95 2 30 0.00126146 1.22658
95 1 21 0.000274505 1.74934
95 1 3 0.000775222 1.28235
95 1 57 0.00078379 2.05178
95 0 49 0.000506146 0.903333
96 1 96 0.00104438 1.58067
96 3 53 0.00153496 1.59828
96 4 59 0.000908713 2.15768
96 1 13 0.00119861 2.28669
96 4 50 0.00148233 1.20735
96 4 81 0.000658154 1.58523
96 3 52 0.00113828 2.25709
96 2 16 0.0006597 2.31053
96 1 62 0.00106943 1.01453
96 3 95 0.000713868 1.88356
97 0 77 0.000922861 1.04358
97 4 19 0.000838928 1.70951
97 4 71 0.00142689 1.80444
97 4 66 0.0014367 1.2406
97 4 61 0.00141435 1.37251
97 2 84 0.000820307 0.674057
97 2 48 0.000608798 1.83943
97 3 6 0.00142202 0.945735
97 1 37 0.00132261 1.47415
97 0 38 0.000876873 0.701572
98 1 26 0.00150479 2.67136
98 1 47 0.00100833 0.823017
98 3 57 0.000412342 1.29479
98 3 36 0.00090371 1.66454
98 3 92 0.0011069 1.77638
98 2 21 0.000841023 1.58919
98 3 16 0.00120394 1.58761
98 1 19 0.00146892 1.19629
98 1 7 0.000515588 0.881213
98 1 36 0.00102415 2.08315
99 1 75 0.000108491 1.43034
99 2 89 0.00101707 0.5
99 4 59 0.00110259 1.82042
99 2 46 0.00130611 1.91255
99 4 23 0.00142234 1.1784
99 1 22 1.63366e-05 0.5
99 3 89 0.00168299 2.16141
99 4 14 0.000202496 1.95749
99 3 90 0.000648876 2.41105
99 0 51 0.00134258 2.5971
100 1 28 0.00127166 1.31894
100 2 49 0 0.644537
100 1 6 0.000978615 1.78709
100 1 17 0.00127397 1.4254
100 3 18 0.00114282 1.26119
100 4 34 0.00117122 1.31743
100 0 72 0.00159341 0.5
100 4 79 0.00168168 2.28012
100 3 32 0.00130075 1.66345
100 0 41 0.00113922 0.5
101 4 46 0.0011652 1.4185
101 3 48 0.000127071 1.79351
101 4 92 0.000647505 1.42858
101 1 37 0.000613022 1.6557
101 1 84 0.000257922 1.79186
101 4 2 0.000784545 1.50935
101 2 62 0.00202775 1.31397
101 1 12 0.000707914 1.92015
101 2 40 0.0018156 2.03106
101 4 24 0.000787662 1.45321
102 2 99 0.00150729 1.7818
102 1 47 0.00148488 2.55807
102 2 47 0.000275543 1.25872
102 4 89 0.00123718 1.51514
102 4 17 0.000172837 1.60532
102 4 18 0.000918641 1.38597
102 3 93 0.000667516 0.5
102 4 76 0.00065684 0.910038
102 4 6 0.00106157 1.04933
102 2 63 0.000225153 1.01443
103 0 78 0.000807569 1.3802
103 2 75 0.000762783 1.84252
103 4 83 0.000875346 2.79488
103 4 7 0.000231494 1.31202
103 4 43 0.00118137 0.917036
103 2 41 0.000442462 0.827956
103 2 98 0.000573233 1.13411
103 3 62 0.00101674 0.5
103 2 99 0.00105376 2.49789
103 3 50 0.00116534 1.27443
104 3 54 0.00162697 2.25045
104 0 61 0.000185569 1.58495
104 4 58 0.000156478 1.26881
104 4 70 0.00124028 1.47894
104 3 41 0.00087894 2.07609
104 2 69 0.0010145 1.17269
104 2 70 0.00157841 2.8277
104 2 66 0.00154974 1.83563
104 4 92 0.000437307 1.66313
104 0 82 0.000599637 1.20972
105 0 14 0.00152995 2.34968
105 0 22 0.000640801 1.19617
105 4 80 0.000687616 1.82695
105 3 31 0.000739567 1.63317
105 4 83 0.00148235 1.86694
105 2 55 0.000542011 0.5
105 0 85 0.00164592 0.584923
105 2 58 0.00166414 2.33866
105 1 36 0.000543322 1.31436
105 0 46 0.000530182 0.984811
106 3 7 0.00128608 1.41463
106 3 97 0.000824332 1.78462
106 3 15 0.000813899 1.64324
106 4 82 0.000653518 1.81605
106 0 81 0.000849279 1.96185
106 1 95 0.00118657 1.27613
106 3 14 0.000129393 0.664036
106 0 24 0.00106751 1.7955
106 1 35 0.000781628 1.66941
106 2 29 0.00155849 1.59425
107 3 43 9.87779e-05 1.20494
107 4 45 0.000371663 1.89998
107 0 73 0.00084169 1.874
107 3 82 0.000516099 1.89121
107 0 91 0.00158033 2.25595
107 3 75 0.00108656 1.23493
107 1 30 0.00162142 2.22956
107 2 84 0.000914726 2.11652
107 3 80 0.00126278 1.46931
107 1 98 0.00233111 1.63744
108 1 7 0.00100576 2.8135
108 4 63 0.00216076 1.05952
108 0 31 0.000358756 0.938747
108 3 84 0.000928616 1.82227
108 0 63 0.000954752 1.40866
108 2 50 0.000228849 0.782723
108 0 49 0.000430551 2.55291
108 2 97 0.000898818 1.04334
108 1 16 0.00104425 1.79601
108 4 70 0.00153176 1.71944
109 3 58 0.00139251 1.09268
109 2 14 0.00167131 2.12411
109 2 3 0.000195905 0.795055
109 1 54 0.00158364 0.5
109 2 11 0.00139917 1.58116
109 0 25 0.00135221 0.760502
109 2 18 0.00115493 2.06877
109 4 7 0.00083534 0.560542
109 2 93 0.00122326 0.985828
109 1 23 0.000633915 1.37053
110 4 76 0.00111793 1.90569
110 3 55 0.000849565 0.70281
110 0 20 0.00129528 1.42782
110 0 34 0.00177564 1.01454
110 0 16 0 0.787714
110 4 35 0.000430313 1.42594
110 3 12 0.000409963 0.880091
110 4 50 0.00029239 0.91642
110 1 53 0.000637391 0.5
110 0 96 0.00117628 1.61809
111 4 43 0.00136544 1.91275
111 4 63 0.00084812 1.3386
111 1 78 0.00122974 1.22189
111 1 78 0.00134838 1.39775
111 3 7 0.00128579 0.5
111 1 95 0.00126107 0.986989
111 0 96 0.000616926 1.42954
111 4 67 0.000616949 1.86477
111 1 82 0.000604563 1.05348
111 4 84 0.00116301 1.28669
112 3 59 0.00110651 1.50755
112 2 7 0.000597286 1.61718
112 1 74 0.000952954 1.07315
112 3 5 0.000988443 0.766959
112 0 37 0.00192549 1.33288
112 0 69 0.00112837 1.33083
112 0 66 0.000959272 1.24082
112 4 54 0.000485157 1.74283
112 0 91 0.00141959 0.815093
112 4 41 0.00163552 1.47913
113 1 69 0.00118488 1.85389
113 0 34 0.00122079 0.859949
113 3 80 0.00109296 1.58508
113 0 92 0.000768658 1.0382
113 0 27 0.00100607 1.68977
113 1 31 0.000968154 1.96779
113 4 81 0.00174916 1.52118
113 0 12 0.000965481 2.04091
113 0 24 0.00126499 1.0785
113 2 48 0.00140248 2.30209
114 1 27 0.00039429 1.38314
114 2 11 0.000762 1.70308
114 1 3 0.000842418 2.37199
114 3 94 0.00103037 0.863184
114 4 33 0.00144222 1.63765
114 4 25 0.000228383 1.14804
114 1 32 0.00166368 1.39565
114 3 25 0.000900317 1.28382
114 4 48 0.0016119 1.27147
114 4 81 0.000717279 1.80329
115 3 85 0.000473297 1.72247
115 3 16 0.00164896 0.920773
115 0 22 0.00197705 1.06048
115 0 30 0.000939225 2.04898
115 1 90 0.00118522 0.964432
115 0 64 0.000875223 1.45155
115 1 68 0.000648002 0.606536
115 4 36 0.00025707 0.664561
115 0 18 0.00140878 1.16833
115 3 64 0.00102327 1.85328
116 4 26 0.00169877 1.97929
116 4 87 0.000716753 1.66379
116 2 93 0.002187 1.22479
116 3 81 0.00111656 1.61525
116 4 22 0.00114106 2.02196
116 1 66 0.00251444 1.45419
116 2 39 0.00103958 1.56031
116 0 40 0.00120703 0.979148
116 3 87 8.45188e-05 1.63079
116 2 25 0.00167714 1.03882
117 2 44 0.00133627 1.49449
117 4 73 0.00230725 1.36902
117 3 43 0.00102645 1.36402
117 3 32 0.0013831 2.0508
117 4 71 0.00108688 1.53579
117 0 83 0.000533922 2.20237
117 3 47 0.000873256 1.75007
117 0 68 0.00063571 2.00357
117 3 62 0.00112121 1.64733
117 4 10 0.000231846 1.95038
118 3 35 0.0012172 0.5
118 1 51 0.00180239 0.5
118 1 10 0.00163533 1.04497
118 3 67 0.00135281 1.72772
118 2 98 0.0009779 1.74419
118 3 88 0.00114834 0.960498
118 2 46 0.00129427 2.53579
118 2 81 0.00133441 1.66912
118 4 45 0.000239807 1.55065
118 4 14 0.00167303 0.768911
119 3 96 0.000155284 1.13239
119 2 14 0.000728332 1.9987
119 0 61 0.00111631 0.664654
119 4 93 0.000467881 1.54765
119 3 54 0.00198961 1.22873
119 1 2 0.0016475 1.02158
119 3 98 0.00137215 1.1561
119 2 73 0.000653118 0.928657
119 2 66 0.00184055 1.0124
119 4 6 0.00144246 2.92873
120 0 97 0.000694549 1.30402
120 0 5 0.000489973 2.10035
120 2 86 0.00118999 1.80317
120 0 78 0 1.18512
120 4 29 0.000823093 1.75534
120 0 50 0.000215142 0.735467
120 2 77 0.000596662 2.26193
120 4 27 0.000656056 2.5804
120 3 56 0.000825706 1.46542
120 0 38 0.00110949 1.47185
121 4 72 0.00108893 0.958686
121 1 97 0.00191587 1.09558
121 3 20 0.000446202 2.59775
121 1 10 0.0016954 2.21918
121 4 18 0.000746435 1.09013
121 2 38 0.000416866 1.04432
121 4 63 0.00119898 0.909995
121 2 72 0.000885547 0.9844
121 4 18 0.000318284 1.08877
121 0 64 0.00101374 2.44346
122 4 51 0.000776749 1.57897
122 1 72 0.00101808 1.40692
122 3 49 0.00138039 1.05668
122 3 3 0.000194679 1.08727
122 3 53 0.000926163 1.74927
122 2 46 0.00218491 1.58586
122 4 47 0.00182854 1.36116
122 1 26 0.000858332 1.72276
122 2 33 0.000731043 2.81915
122 0 26 0.000818736 1.83819
123 1 76 0.000210781 2.5197
123 1 7 0.00188264 1.1527
123 4 46 0.000563099 1.80075
123 3 5 0.000849904 2.49314
123 4 32 0.000371027 1.29986
123 4 71 0.00154181 1.85228
123 4 12 0.00146853 1.46548
123 4 15 0.000556073 0.932146
123 0 51 0.00171396 2.23888
123 4 78 0.000922361 2.42874
124 4 48 0.000187604 2.25288
124 1 28 0.000719097 1.6123
124 2 77 0.000789043 1.65716
124 3 37 0.00116642 1.38693
124 4 28 0.00182978 1.62582
124 1 61 0.00177133 0.827778
124 2 61 0.00107583 1.04512
124 1 29 0.000157129 1.93389
124 0 90 0.0009444 1.54761
124 1 59 0.00190981 1.46828
125 2 81 0.00165146 1.34774
125 4 27 0.00111857 1.73867
125 4 75 0.000147203 1.11177
125 1 34 0.00116085 0.609291
125 2 37 2.33016e-05 1.6283
125 0 90 0.0011406 1.66288
125 2 59 0.000573445 1.75062
125 0 12 0.000926634 1.96779
125 2 67 0.000374118 2.21477
125 4 79 0.0010514 0.73901
126 1 64 0.0013356 0.991484
126 2 83 0.00120783 2.29509
126 4 57 0.00104993 2.17052
126 3 25 0.00077973 1.77936
126 2 85 1.13543e-05 0.552853
126 4 75 0.000724975 1.90693
126 3 11 0.00125607 1.20243
126 4 74 0.000723258 2.68846
126 1 20 0.00127744 1.93548
126 3 80 0.000270439 1.50493
127 4 85 0.000742074 1.7858
127 4 92 0.00099192 0.764077
127 4 63 0.00107761 1.12326
127 1 2 0.00174775 0.959547
127 3 81 0.00108369 2.23681
127 1 59 0.000794994 1.76233
127 2 89 0.00124973 0.918051
127 0 48 0.000834713 0.5
127 0 26 0.000940333 0.973698
127 2 65 0.00159074 0.5
128 1 20 0.00150945 2.19915
128 3 31 0.0013379 1.40016
128 4 35 0.00119704 1.4126
128 1 1 0.00121762 2.15271
128 0 34 0.00209531 1.72961
128 3 10 0.000392962 1.38362
128 2 20 0.00151874 1.1546
128 0 14 0.000533314 2.41063
128 3 33 0.00189289 0.679555
128 4 20 0.00191356 2.25162
129 2 43 0.00166434 1.87751
129 0 5 0.00154284 1.73597
129 2 57 0.000171872 1.32567
129 3 34 0.000737817 0.879783
129 0 73 0.00165684 0.84082
129 3 48 0.00177505 1.13497
129 1 59 0.00194643 2.14732
129 2 39 0.00082938 0.987369
129 4 21 0.00138794 2.17873
129 4 66 0.000342657 1.73607
130 3 44 0.00172503 2.31092
130 4 68 0.00063378 1.61892
130 1 83 0.000311336 1.11822
130 2 47 0.00199237 1.36278
130 1 62 0.000815378 1.93674
130 3 88 0.00070297 0.639561
130 0 6 0.000449139 0.5
130 2 74 0.0010784 1.85706
130 1 62 0.0010999 2.70083
130 1 5 0.0010047 2.42834
131 0 16 0.00209989 1.7291
131 1 70 0.000563418 1.07382
131 0 79 0.00106178 2.35735
131 2 30 0.000809305 1.7745
131 2 12 0.0014733 1.28639
131 0 51 0.000310802 0.702583
131 4 89 0.000814638 1.39013
131 0 84 0.00163509 1.31406
131 0 33 0.00138251 1.51226
131 3 26 0.000949345 1.35685
132 3 57 0.000405469 1.81658
132 0 47 0.000575089 1.3116
132 4 76 0.000320304 2.76561
132 2 27 0.000655149 0.912869
132 3 72 0.00110042 1.77413
132 2 2 0 1.79668
132 1 14 0.000796362 1.05842
132 3 89 0.00143289 0.661696
132 0 89 0.00173481 1.78398
132 1 52 0.00112335 1.3958
133 1 34 0.000675839 0.817753
133 4 1 0.000740521 1.56803
133 3 38 0.00125613 1.57587
133 4 39 0.000954858 1.29896
133 4 12 0.00121402 1.82181
133 3 83 0.00130442 1.14736
133 1 43 0.00106461 2.19258
133 0 88 0.000903814 0.785923
133 3 10 0.00157227 0.935029
133 0 53 0.00117437 0.666184
134 1 5 0.00158257 1.13916
134 4 40 0.000960874 0.80391
134 2 26 0.000930406 1.58208
134 2 31 0.00158364 1.214
134 3 33 0.000161412 1.80795
134 4 48 0.000774322 0.886334
134 4 60 0.00114832 1.1922
134 0 11 0.000633744 0.61703
134 2 19 0.00112544 1.41612
134 1 21 0.00110024 0.879089
135 0 17 0.00083295 1.67342
135 3 36 0.00119695 1.17487
135 2 58 0.0014426 1.99469
135 1 98 0.000855535 1.11542
135 1 55 0 1.62703
135 2 42 0.00060519 1.86072
135 4 90 0.000600425 1.62802
135 3 47 0.0012112 1.27487
135 0 29 0.000319746 0.868572
135 2 2 0.00115102 1.62381
136 3 84 0.00135622 0.99051
136 2 53 0.000817207 0.898742
136 4 15 0.000727865 1.6568
136 4 75 0.000541545 0.945499
136 0 65 0.000846378 1.33545
136 4 49 0.00030604 1.63043
136 0 5 0.000468066 2.63166
136 3 81 0.000352639 0.962898
136 1 61 3.25217e-05 1.7985
136 4 73 0.00135536 0.931586
137 0 69 0.00207701 1.39955
137 2 25 0.000478324 1.2192
137 2 51 0.00163426 1.12916
137 3 71 0.000580829 1.96584
137 3 82 0.000596904 1.41412
137 0 85 0.00136908 2.39365
137 0 22 0.00134654 2.75216
137 3 7 0.000359735 1.80824
137 1 15 0.00155551 2.18246
137 4 83 0.00166157 2.05374
138 1 72 0.00116171 1.09144
138 2 62 0.00135453 2.0075
138 0 92 0.00176259 1.9897
138 3 4 0.00152509 1.69942
138 0 43 0.00141305 0.5
138 4 2 0.00210399 1.13154
138 1 62 0.00109991 1.38129
138 1 87 0.001659 0.729752
138 3 42 0.000326686 2.30578
138 3 4 0.00117487 0.77764
139 2 42 0.00142487 1.54366
139 1 59 0.00073354 1.97306
139 0 28 0.00131388 1.10775
139 0 54 0.00105047 1.47895
139 4 31 0.000974037 2.10868
139 4 37 0.00166066 0.59879
139 0 80 0.000493224 1.71842
139 3 29 0.000967226 1.12865
139 1 8 0.0013025 2.21579
139 2 73 0.00139406 1.74799
140 1 68 0.000509782 1.99159
140 3 19 0.000743513 0.8859
140 2 7 0.00102176 1.99732
140 1 95 0.000420487 2.59307
140 3 6 0.00187452 1.50958
140 0 23 0.00114335 2.11007
140 3 22 0.00178701 2.5463
140 3 93 0.00130966 2.47691
140 1 79 0.000754496 1.29975
140 2 26 0.00135042 1.49016
141 1 24 0.00139311 1.00593
141 0 77 0.00147821 0.5
141 3 89 0.000963985 2.13136
141 2 0 0.0010079 1.48423
141 1 27 0.000358546 1.89204
141 3 64 5.49756e-05 0.834199
141 1 75 0.00143896 1.53937
141 4 7 0.00108079 1.61125
141 0 35 0.000785006 1.33751
141 1 11 0.00157071 1.15084
142 2 57 0.000743364 2.38937
142 0 86 0.00138514 1.50882
142 2 15 0.001222 1.27016
142 1 15 0.000960811 1.37785
142 2 25 0.000644602 2.82962
142 2 94 0.000851659 2.9192
142 1 89 0.000938598 1.11793
142 4 56 2.28525e-05 2.36963
142 3 27 0.00144066 0.5
142 1 97 0.00153343 1.28761
143 1 6 0.000388912 1.5514
143 3 77 0.000934339 2.41949
143 0 15 0.00107302 0.5
143 0 16 0.000262831 1.60232
143 3 63 0.000640884 1.34621
143 3 74 0.00098292 0.830219
143 0 97 0.000230851 1.90432
143 3 83 0.00178035 0.5
143 4 12 0.000658321 2.20319
143 3 47 0.000668031 2.3917
144 3 26 0.000820387 1.93772
144 4 77 0.00113615 0.742454
144 1 56 0.00173516 2.4751
144 1 53 0.00112341 0.852995
144 1 8 0.00143258 1.68529
144 3 7 0.00104805 2.42522
144 0 62 0.00191293 2.23807
144 3 95 0.00155386 1.42286
144 4 63 0.00130006 1.81304
144 4 99 0.00191844 1.55394
145 1 30 0.00109967 0.897478
145 4 51 0.00232356 1.7677
145 4 5 0.000813589 1.35394
145 2 9 0.00167229 0.932495
145 3 6 0.00128278 2.20633
145 3 87 0.000782374 1.80966
145 0 35 0.00199949 1.77319
145 1 30 0.00131314 0.629188
145 0 56 0.000456722 1.46129
145 0 57 0.000754196 1.07902
146 3 32 0.000836195 1.65084
146 4 3 0.00108985 2.12486
146 1 7 0.000834053 0.790077
146 1 22 0.000810847 0.993357
146 2 28 0.00188426 0.5
146 1 97 0.00117032 1.21529
146 1 68 0.000246553 0.532521
146 0 82 0.00102972 1.29983
146 3 61 0.000753212 0.770849
146 1 7 0.00104047 1.90006
147 2 64 0.00187788 1.45653
147 4 43 0.0013687 0.537858
147 1 47 0.000786569 1.68667
147 0 31 0.000547708 0.896719
147 0 44 0.00141036 1.7111
147 1 54 0.000721732 1.83647
147 3 38 0.000661502 0.524643
147 4 73 0.00117636 0.602931
147 1 79 0.00105474 0.616704
147 3 27 0.00147768 0.916798
148 4 97 0.000470852 0.716926
148 0 26 0.0011879 2.87656
148 3 37 0.00158405 1.54842
148 2 47 0.00188209 2.07417
148 2 0 0.00123318 1.63392
148 1 90 0.00139331 2.36526
148 3 48 0 1.64447
148 2 69 1.27469e-05 1.28411
148 0 39 0.00145055 1.048
148 4 46 0.000280473 1.07768
149 4 52 0.00161394 0.701745
149 2 7 0.000794971 1.77202
149 0 59 9.54262e-05 1.89073
149 3 22 0.00134344 0.922439
149 0 7 0.00143257 1.76401
149 3 20 0.000984479 0.5
149 2 10 0.0014417 0.949918
149 3 10 0.00157612 1.08286
149 0 59 0.000762441 1.2397
149 4 56 0.00167185 0.5
150 3 71 0.00135623 1.86967
150 2 13 0.000171573 1.01297
150 1 87 0.000978214 2.49839
150 3 3 0 2.47304
150 0 52 0.000883083 0.926601
150 1 96 0.00193723 1.57154
150 3 19 0.00147339 2.25583
150 2 63 0.00132153 1.77202
150 0 41 0.00106857 1.84799
150 4 52 0.00170249 1.74843
151 2 5 0.000604566 1.85787
151 0 9 0.000493295 0.818997
151 4 1 0.000113848 1.23741
151 4 25 0.00146552 1.73821
151 1 43 0.000636162 1.49795
151 3 86 0.00122049 2.30058
151 3 2 0.0013161 0.5
151 1 89 0.000936413 2.74757
151 4 43 0.000480872 1.71568
151 4 93 0.000576295 1.8454
152 1 64 0.000910065 1.65195
152 3 43 0.00110732 2.52933
152 1 16 0.00143087 1.46247
152 1 11 0.00124845 1.40469
152 4 40 0 1.17893
152 0 26 0.000960405 0.766381
152 1 7 0.0012426 2.28
152 2 15 0.00108057 0.809328
152 4 24 0.000658504 2.43315
152 3 6 0.000996133 1.31502
153 2 26 0.00127695 1.35702
153 3 80 0.000543754 0.995693
153 1 62 0.00116806 1.1019
153 3 65 0.000513375 2.19791
153 3 16 0.000814948 2.28537
153 4 87 0.000829878 1.9346
153 1 12 0.0013511 1.70023
153 4 34 0.00150843 1.43149
153 4 15 0.000994462 1.93386
153 1 70 0.00105 0.5
154 3 29 0.00211948 2.47444
154 2 13 0.000973028 1.59222
154 1 82 0.00121049 1.63949
154 4 37 0.000727463 1.0354
154 4 85 0.00191607 2.53884
154 0 66 0.000949276 1.26904
154 4 21 0.000758222 2.26478
154 0 97 0.00139807 1.78881
154 1 28 0.000688644 2.15732
154 2 55 0.000481925 0.5
155 1 14 0.00115368 1.83225
155 1 97 0.00142344 1.72245
155 1 69 0.0012954 1.20977
155 2 68 0.00116146 2.27187
155 0 90 0.00206397 1.98155
155 0 21 0.000586422 1.23076
155 2 52 0.00103485 0.5
155 4 26 0.00100868 1.35939
155 2 93 0.00131488 1.30955
155 0 63 0.000496301 0.622999
156 0 48 0.00101879 1.74449
156 0 98 0.000813506 1.29749
156 0 80 0.00117481 1.73484
156 0 55 0.00194123 0.5
156 2 44 0.001239 1.18825
156 1 8 0.000849052 1.955
156 2 27 0.00112365 2.00339
156 0 57 0.001383 1.45705
156 1 97 0.00050687 0.721789
156 3 85 0.000826826 1.72628
157 2 54 0.00121539 1.82873
157 4 60 0.0011175 1.03806
157 4 1 0.0016305 1.25334
157 3 26 0.00126833 2.06182
157 3 40 0.0011288 1.28355
157 2 80 0 1.81482
157 4 58 0.0015777 0.884478
157 4 15 0.00121068 0.796806
157 2 69 0.00146913 2.14179
157 3 41 0.00108364 1.18834
158 4 72 0.000640069 1.94674
158 3 18 0.000509248 2.09107
158 1 6 0.00104833 2.1956
158 2 12 0.000283784 1.76275
158 4 82 6.95602e-05 1.70171
158 1 81 0.00128732 2.02684
158 3 54 0.000618647 0.718046
158 1 13 0.000555181 0.903287
158 3 34 0.00085483 0.769058
158 3 7 0.00114087 0.861323
159 3 35 0.000751177 0.944529
159 0 29 0.00145049 1.66593
159 2 36 0.00154791 2.23832
159 2 0 0.00124904 2.33429
159 3 28 0.000487738 1.60758
159 3 28 0.000752588 0.655789
159 3 19 0.000705617 2.07604
159 4 73 0.000521941 0.805995
159 0 61 0.000681562 0.916589
159 1 34 0.000888247 1.25141
160 1 33 0.00106335 0.571073
160 4 97 0.00188605 1.40608
160 0 91 0.000952506 3.01696
160 4 96 0 1.74626
160 1 95 0.000747561 1.10673
160 4 50 0.00048989 2.83296
160 1 64 0.00103167 1.74881
160 2 77 0.00120059 1.19084
160 3 49 0.00147189 2.5416
160 1 3 0.00130544 1.11054
161 4 38 0.00206326 1.49324
161 2 70 0.00074439 2.13158
161 2 19 0.00138272 1.66337
161 3 83 0.000617897 1.41494
161 1 70 0.00188037 1.84402
161 2 53 0.000879438 1.68663
161 4 67 0.000605151 0.627533
161 1 59 0.00091895 1.23778
161 4 44 0.00127418 0.656868
161 1 43 0.00118192 0.646307
162 1 55 0.000984159 1.82855
162 0 84 0.00139701 1.73078
162 3 77 0.00145089 1.78595
162 4 84 0.000186272 1.35123
162 3 60 0.00138373 1.93912
162 0 10 0.000725331 1.21065
162 1 10 0.00154338 1.40051
162 1 27 0.000913007 0.5
162 3 48 0.000379541 0.5
162 0 25 0 2.01559
163 0 73 0.000672679 1.11394
163 4 37 0.00156485 1.01488
163 2 27 0.00149088 2.19874
163 1 6 0.00163679 0.912316
163 1 51 0.0010783 1.40519
163 3 63 0.00124734 2.06613
163 2 14 0.000450268 1.10108
163 2 38 0.00160183 1.73326
163 2 45 0.0013182 1.16082
163 4 53 0.000755296 1.42795
164 3 32 0.000464841 0.629052
164 4 52 0.00105454 1.31797
164 0 49 0.000208508 0.712585
164 2 60 0.00130097 2.69691
164 0 96 0.000712554 1.25438
164 4 18 0.00106417 2.59534
164 4 69 0.00100349 1.47236
164 0 44 0.00117143 1.31451
164 4 82 0.00151192 0.964769
164 1 16 0.00108523 2.30592
165 1 8 0.00123098 1.87754
165 1 62 0.000943039 2.04861
165 0 50 0.000722341 0.5
165 4 8 0.000441039 1.62778
165 2 18 0.000713261 2.08615
165 3 55 0.000875687 1.76141
165 0 32 0.00104324 2.40498
165 4 71 0.000382642 1.98542
165 3 36 0.000665259 1.85204
165 0 1 0.000850264 1.51122
166 2 94 0.000860365 2.00349
166 1 43 5.60425e-05 1.38985
166 1 99 0.00039692 1.75499
166 1 82 0.000663566 1.57175
166 1 26 0.000427926 0.5
166 2 28 0.000259527 1.28311
166 1 84 0.000422794 1.00382
166 4 69 0.000481464 1.28575
166 2 11 0.000994057 1.87439
166 0 57 0.000933972 0.5
167 4 35 0.000925506 1.33075
167 4 53 0.00114959 0.841323
167 1 98 0.00149452 2.14465
167 2 32 0 2.01751
167 3 15 0.0011323 0.518757
167 1 7 0.00100409 1.56111
167 1 5 0.000780549 1.61908
167 3 5 0.00101848 1.53437
167 1 90 0.000673398 0.5
167 4 96 0.00149766 1.61689
168 4 15 0.00113308 2.26665
168 0 22 0.000746859 0.811611
168 4 74 0.000271821 1.8537
168 1 50 0 1.00726
168 1 20 0.000620962 0.699166
168 4 54 0.000737671 0.851297
168 1 87 0.00158697 1.7475
168 3 4 0.000523515 2.33636
168 3 80 0 0.700219
168 4 49 0.000946392 1.34584
169 1 6 0.000670314 1.67734
169 3 76 0.00060771 1.47987
169 3 59 0.00121884 1.115
169 0 95 0.000996995 0.514014
169 4 39 0.00139182 1.72007
169 2 59 0.000457862 1.60575
169 2 61 0.00149865 2.46731
169 3 1 0.00159949 2.43843
169 1 12 0.0016775 1.61536
169 0 38 0.00116816 2.13256
170 0 14 0.000384295 1.97461
170 0 49 0.000793482 0.776616
170 4 12 0.000672528 0.871437
170 0 58 0.000633366 1.68069
170 4 68 0.000756061 1.83961
170 3 90 0.00163327 2.12392
170 1 41 0.000932528 2.67078
170 2 52 0.00164008 1.72577
170 4 13 0.000797562 1.59613
170 3 83 0.00137771 0.5
171 4 69 0.000508948 1.3827
171 4 5 0.001149 1.10917
171 4 4 0.00125264 1.13283
171 1 70 0.00126147 1.48924
171 1 27 0.00120151 1.43249
171 1 58 0.00174853 0.5
171 2 44 0.000612453 1.53475
171 2 51 0.00112842 1.29184
171 0 41 0.00107282 1.95148
171 3 79 0 1.70192
172 3 53 0.00110378 0.5
172 1 77 0.000365795 1.47934
172 2 99 0.000297259 1.92004
172 1 54 0.000960939 1.99996
172 2 87 0.00152924 1.37593
172 4 42 0.000854584 1.18519
172 3 84 0.00138958 0.540388
172 3 76 0.000814535 1.87445
172 1 54 0.00109242 1.04087
172 3 1 0.000964151 1.53792
173 4 9 0.0011427 1.26338
173 3 52 0.00121616 1.87484
173 1 44 0.00123004 1.48107
173 4 91 0.000917536 2.07924
173 0 73 0.00171727 1.2587
173 0 26 0.00096273 1.18119
173 4 57 0.000776399 1.76441
173 3 68 0.000892549 2.17031
173 0 84 0.0010101 1.11861
173 4 48 0.000770038 1.01265
174 2 22 0.00029625 1.81267
174 1 73 0.00195156 1.549
174 4 8 0.000257571 1.87549
174 3 62 0.00180882 0.78244
174 2 48 0.00081363 1.86186
174 4 4 0.000605014 1.31711
174 2 40 0.00132252 1.12451
174 2 51 0.00058691 2.00281
174 2 75 0.00121404 1.33662
174 1 30 0.00138927 1.89918
175 4 58 0.00105971 0.894834
175 3 64 0.000595527 1.88765
175 0 42 0.00126451 0.748194
175 0 6 0.00121737 1.43783
175 3 28 0.00127533 1.14028
175 3 45 0.000288872 1.63795
175 4 98 0.00127852 1.36159
175 4 49 0.0015881 1.5837
175 4 25 0.000853868 1.75302
175 0 97 0.0014466 1.02196
176 1 56 0.000573039 1.11355
176 2 92 0.000842579 1.18524
176 0 9 0.000720375 0.617759
176 2 28 0.00211417 1.36318
176 4 8 0.000593687 2.10123
176 3 34 0.00192771 1.07773
176 4 37 0.00139312 2.13752
176 1 81 0.00132834 2.40392
176 2 38 0.00126865 0.716173
176 0 63 0.000929303 0.5
177 1 14 0.00166195 1.28044
177 3 88 0.00137775 1.62291
177 0 37 0.0016291 0.5
177 2 68 0.000777368 1.51869
177 3 67 0.00122658 0.834827
177 2 72 0.00130226 1.64837
177 0 92 0.00126267 1.36986
177 3 37 0.000810069 2.09865
177 3 96 0.00159106 1.81218
177 0 5 0.00116123 1.47138
178 3 80 0.000638241 1.17061
178 3 84 0.00131114 1.60434
178 2 4 0.000457103 2.06726
178 2 69 0.00166991 1.83991
178 2 0 0.00110116 1.91472
178 4 7 0.00147454 1.70696
178 4 84 0.00154138 0.779013
178 1 78 0.000655519 2.2133
178 0 76 0.000773471 1.83552
178 2 64 0.000192757 1.40139
179 3 54 0.00169168 0.675492
179 2 70 0.00195994 0.517095
179 4 31 0.00107087 1.53753
179 2 82 0.000834499 0.755195
179 4 56 0.000892368 2.70108
179 3 65 0.00119831 2.15074
179 3 80 0.00125525 1.78464
179 1 99 0.000775099 2.46952
179 3 12 0.00068431 0.75027
179 0 3 0.00100158 2.02288
180 4 65 0.000916145 1.66403
180 0 59 0.000941344 1.16374
180 2 38 0.000521963 0.702031
180 1 18 0.00116848 1.16157
180 0 42 0.000972585 3.14777
180 0 40 0.000427771 2.04669
180 4 11 0.00147173 1.41878
180 1 50 0.000696646 0.5
180 2 72 0.000709127 0.824376
180 0 84 0.00109014 2.1818
181 1 66 0.000818248 1.84025
181 1 68 0.00137738 2.40331
181 0 45 0.000753673 1.16555
181 4 31 0.00142961 1.30736
181 4 36 0.00109887 2.5175
181 2 89 0.00051511 0.561567
181 3 92 0.000543349 0.841316
181 1 88 0.0016485 1.49227
181 2 43 0.00151598 1.95344
181 3 18 0.000740866 1.70814
182 2 5 0.00132449 2.79887
182 2 74 0.000684114 1.41982
182 0 84 0.00119862 1.51897
182 0 87 0.0013256 0.860932
182 3 39 0.00187312 1.34323
182 3 79 0.0010312 1.16634
182 3 14 0.000564679 1.92435
182 4 36 0.00217345 2.52859
182 2 57 0.000759118 0.654788
182 1 37 0.00151589 1.92933
183 4 55 0.000278718 0.834548
183 3 45 0.00195851 1.4145
183 2 20 0.00114471 1.53223
183 4 61 0.000869601 1.48241
183 1 72 0.000765496 2.02795
183 3 24 0.000605585 1.57789
183 3 70 0.000171308 2.01194
183 4 6 0.00125305 1.39899
183 2 47 0.000560636 0.688614
183 4 78 0.00158557 1.69549
184 2 84 0.000561815 0.5
184 2 28 3.58796e-05 1.68309
184 0 92 0.00152259 2.32177
184 1 20 0.000612203 1.80176
184 0 4 0.00108783 0.808271
184 0 10 0.000646692 2.81806
184 2 77 0.000839106 2.36194
184 2 66 0.00040953 1.75852
184 3 0 0.00133256 0.944182
184 3 84 0.00122962 0.968714
185 0 36 0.000594787 1.8444
185 1 45 0.00134924 0.5
185 1 73 0.00227047 2.11332
185 1 7 0.000964648 2.07508
185 1 11 0.00113033 0.862344
185 4 38 0.00149156 1.0968
185 0 17 0.00151817 2.08246
185 2 81 0.00092586 1.39624
185 0 58 0.0011348 1.68823
185 2 24 0.00174272 1.70894
186 1 18 0.00121699 1.2591
186 1 78 0.00146997 1.24932
186 0 50 0.00114692 0.653358
186 3 30 0.00124763 1.51293
186 2 44 0.00212216 1.39351
186 1 4 0.00104886 3.04567
186 3 75 0.00165234 3.92274
186 2 12 0.00113846 1.98891
186 2 21 0.00120231 0.646996
186 1 68 0.00166984 1.74299
187 0 56 0.00111285 1.49764
187 1 86 0.000664985 1.26629
187 4 60 0.00112485 1.58231
187 4 0 0.000295819 1.56138
187 1 47 0.00144406 1.72643
187 1 45 0.00129175 1.41879
187 2 42 0.00168802 1.98605
187 0 72 0.00118514 0.561924
187 3 33 0.000702722 1.36936
187 2 70 0.000549658 1.73075
188 4 53 0.00131451 1.17755
188 0 40 0.000797262 2.27532
188 3 98 0.000964375 1.17501
188 0 14 0.00130056 2.12369
188 3 98 0.000816984 0.980003
188 1 65 0.00157984 2.27227
188 1 38 0.00060246 1.2876
188 4 67 0.00125542 1.12228
188 1 53 0.000326224 1.98334
188 4 49 0.00162079 1.40659
189 3 91 0.000818655 1.07321
189 0 16 0.000617104 1.22434
189 4 20 0.00127345 2.78629
189 3 8 0.000659764 1.23831
189 2 2 0.00120368 1.97631
189 3 10 0.000387863 1.393
189 3 2 0.00125198 1.532
189 1 47 0.000743379 1.06607
189 0 49 0.000232748 1.18353
189 2 3 0.000763921 1.8097
190 0 26 0.000974917 0.964599
190 2 80 0.0015672 2.30376
190 2 81 0.000490426 0.5
190 1 54 0.000285066 1.68605
190 0 12 0.000726177 2.7197
190 1 12 0.00110585 1.349
190 3 95 0.00162754 0.649954
190 3 90 0.000732584 1.17709
190 0 14 0.000395432 1.41502
190 4 3 0.000922657 0.851163
191 2 65 0.00174172 1.42852
191 1 36 0.00211435 1.65844
191 1 13 0.000914671 1.71984
191 1 32 0.000636959 2.42955
191 2 38 0.00190279 1.39257
191 3 36 0.00046134 1.76626
191 3 88 0.000940094 1.52038
191 1 25 0.00105525 1.51315
191 4 89 0.00121419 1.80486
191 1 10 0.00155024 2.12744
192 3 21 0.000578837 1.38822
192 1 4 0.000871281 1.17109
192 4 15 0.000456607 1.77019
192 1 70 0.000662846 1.11127
192 4 60 0.00210373 1.17771
192 1 16 0.0011446 2.21085
192 1 33 0.000792369 1.41923
192 4 74 0.000501336 1.11759
192 1 49 0.00137672 1.15643
192 4 0 0.00120431 2.26069
193 0 17 0.00119256 1.45031
193 3 71 0.00226909 2.01135
193 2 81 0.000103481 1.87345
193 4 45 0.000759199 1.34327
193 3 18 0.000724442 1.42547
193 2 97 0 1.14021
193 1 78 0.000552061 0.801985
193 2 56 0.000853224 2.63022
193 0 41 0.00136136 2.19602
193 4 77 0.00163383 1.50451
194 2 73 0.000686639 1.74065
194 2 68 0 1.72927
194 0 65 0.000891859 0.5
194 3 61 0.00215663 1.47595
194 4 19 0.00132397 2.02709
194 2 32 0.000345118 0.649659
194 3 50 0.00128936 1.22797
194 3 48 0.000467696 1.34008
194 0 18 0.00124007 1.93297
194 3 2 0.00164392 1.47525
195 3 57 0.00105676 1.11818
195 2 35 0.00090454 1.27623
195 4 16 0.00119753 2.17801
195 1 84 0.00116788 2.50484
195 2 45 0.00121715 0.5
195 4 44 0.0009356 2.0734
195 2 71 0.00141561 2.68362
195 1 12 0.000878738 1.8
195 3 77 0.0015756 1.044
195 4 93 0.00111983 1.59258
196 3 2 0.00181952 0.813878
196 0 25 0.00156472 1.21226
196 3 63 0.000505621 0.82419
196 4 83 0.00135582 1.15192
196 2 29 0.00114767 1.83529
196 3 53 0.000442148 1.05065
196 1 56 0.00165485 1.94526
196 3 13 0.00178297 1.96474
196 2 77 0.0010147 1.25987
196 1 29 0.000494706 1.02438
197 2 46 0.000585941 2.69118
197 0 89 0.00105851 1.08218
197 4 85 0.00102061 1.52551
197 2 44 0.00111143 1.45395
197 1 9 0.000412468 1.54648
197 2 5 0.00149963 1.52517
197 3 15 0.00173098 1.92205
197 3 58 0.00132986 1.47013
197 3 16 0.00136005 0.975247
197 0 30 0.000576892 1.7541
198 4 96 0.000410404 1.08494
198 1 21 0.00128227 2.09077
198 1 35 0.00141166 1.99538
198 2 57 0.0010069 1.30716
198 4 54 0.00178531 0.941508
198 3 83 0.0015485 1.80386
198 0 27 0.000476909 1.30663
198 2 74 0.00129768 0.963532
198 4 67 0.0009312 2.72547
198 1 79 0.000954401 1.14041
199 3 23 0.000429758 1.87004
199 3 64 0.000578794 1.40526
199 4 27 0.000725616 0.504856
199 3 81 0.000752887 0.722735
199 0 63 0.00119003 1.9997
199 2 34 0.00117905 1.38467
199 1 53 0.00092102 2.08825
199 3 82 0.00141012 2.32021
199 4 26 0.000234035 1.287
199 0 61 0 1.09735
200 4 3 0.00164748 1.9376
200 0 16 0.0010301 1.6528
200 3 78 0.000965528 1.89629
200 2 72 0.00109069 1.45446
200 2 63 0.000702852 1.39286
200 0 45 0.00136764 1.05521
200 3 28 0.00116587 0.692694
200 1 61 0.00120081 1.55852
200 3 22 0.00104846 1.69433
200 3 43 0 1.63165
201 1 48 0.00104373 1.56066
201 4 64 7.08229e-05 1.03468
201 3 75 0.000635835 1.14973
201 4 8 0.00130025 1.85071
201 4 87 0.0013338 1.4025
201 2 48 0.0011972 2.01171
201 4 47 0.000542783 2.51522
201 2 79 0.00103346 1.91443
201 0 4 0.000871918 2.33748
201 4 1 0.000900595 2.12603
202 2 22 0.000416479 0.994655
202 2 82 0.000117729 1.00638
202 1 9 0.00102158 1.05032
202 4 87 0.000744477 2.28507
202 3 43 0.000558301 1.60409
202 3 81 0.00163721 1.57108
202 3 78 0.00118953 1.45285
202 1 59 0.000744169 1.57128
202 1 90 0.000886592 2.06722
202 0 34 0.000806738 1.4996
203 2 66 0.000490031 1.84213
203 2 37 0.0015856 2.10729
203 0 31 0.000746154 1.77016
203 4 41 0.00262782 1.26664
203 1 85 0.00033525 1.09705
203 2 18 0 1.55825
203 3 37 0.000594045 0.731315
203 1 82 0.000773629 1.69354
203 1 88 5.41076e-06 2.57131
203 2 63 0.00107847 1.35359
204 1 75 0.000434189 2.35575
204 3 29 0.00135522 1.34036
204 1 43 0.00165139 1.40163
204 4 32 0.00125239 1.3044
204 3 55 0.00117078 1.6618
204 4 81 0.00108532 1.98641
204 0 64 0.00105525 1.69375
204 2 5 0.00136549 0.920991
204 0 7 0.000698978 2.13121
204 4 97 0.00128637 1.90955
205 2 56 0.00132005 1.05606
205 4 74 0.00127918 1.68099
205 4 78 0.00139146 1.30486
205 2 12 0.00140664 1.57558
205 0 8 0.000998792 2.24466
205 3 8 0.00117691 1.51808
205 3 19 0.00140005 0.5
205 4 29 9.04182e-06 0.5
205 1 90 0.000545114 1.36671
205 4 27 0.000455901 1.382
206 0 83 0.00147018 2.22972
206 4 19 0.00117873 0.807647
206 0 58 0.0016186 1.26018
206 3 18 0.00181801 2.11534
206 3 68 5.53305e-05 1.45658
206 3 78 0.000713596 2.13186
206 1 72 0.00148129 1.32574
206 4 65 0.000832241 1.36671
206 1 84 0.000788999 0.831303
206 0 89 0.000783697 1.40262
207 2 96 0.00171176 0.653596
207 3 9 0.0014011 1.77276
207 3 51 0.00148123 1.51886
207 3 80 0.00133176 1.23892
207 1 60 0.000669955 2.28569
207 2 72 0.00136894 1.29393
207 4 75 0.00211497 1.38673
207 1 20 0.00043163 1.24203
207 4 44 0.000674031 1.23787
207 0 48 0.0013533 2.26556
208 4 66 0.000788135 1.78144
208 1 66 0.00209362 1.25129
208 4 95 0.000353571 1.49599
208 3 88 0.000194464 1.96335
208 3 17 0.000879209 1.73072
208 2 12 0.000180979 1.43892
208 2 42 0.00160578 1.86539
208 4 77 0.000722623 1.86688
208 2 2 0.00154289 1.0133
208 3 95 0.000764694 1.25764
209 3 64 0.000483601 0.5
209 1 44 0.00191416 1.16284
209 0 78 0.000773005 1.54789
209 1 86 0.0014717 2.11369
209 2 3 0.000356367 1.28444
209 0 58 0.000627598 0.975131
209 0 74 0.000959072 1.65766
209 2 92 0.000941429 2.39114
209 4 12 0.000797122 2.68893
209 3 61 0.000888527 1.34654
210 4 20 0.00101882 1.38234
210 0 65 0.00039253 1.58985
210 3 13 0.0015817 1.77244
210 2 58 0.00106709 1.36537
210 3 74 0.00106898 1.40707
210 3 53 0.0016081 1.66679
210 4 39 0.000934424 1.81018
210 0 40 0.000338899 2.53585
210 0 87 0.00146111 1.35789
210 1 26 0.00109158 1.63949
211 0 85 0.000345243 0.87377
211 0 75 0.00178311 1.6346
211 1 19 0.000764819 2.02466
211 2 1 0.00100037 2.83063
211 4 56 0.00134854 1.7719
211 2 45 0.00139609 1.46239
211 1 86 0.000948142 2.01639
211 2 8 0.000273851 1.47651
211 0 16 0.00143234 1.61788
211 3 12 0.00109482 1.03613
212 2 80 0.000770904 2.37197
212 3 23 0.00103147 0.58196
212 1 15 0.00101591 1.66226
212 4 13 0.00107394 0.777186
212 0 18 0.00144167 1.64476
212 3 84 0.00113318 1.3582
212 0 35 0.000859344 2.13841
212 1 9 0.000908088 2.17716
212 4 0 0.000736633 2.38567
212 4 75 0.000874754 1.93061
213 1 7 0.00116017 0.550965
213 1 81 0.000654355 2.01869
213 0 88 0.000941973 1.88567
213 0 8 0.00169132 1.64451
213 4 2 0.00174031 1.27864
213 4 93 0.000633016 1.78966
213 1 34 0.00120786 1.11812
213 3 54 0.00177939 0.803224
213 3 31 0.000860465 1.27718
213 2 46 0.000406772 1.20736
214 4 79 0.000313748 0.5
214 3 83 0.000865552 0.885099
214 0 21 0.00153916 1.88774
214 0 95 0.000599675 2.44492
214 1 64 0.0014669 1.46163
214 4 14 0.000834044 1.5253
214 0 76 0.000176823 1.9926
214 0 28 0.00105785 0.822074
214 4 44 0.00135685 1.42046
214 2 88 0.000840021 0.718564
215 4 54 0.000573538 1.17101
215 4 8 0.000587425 1.13256
215 4 92 0.0018213 0.876325
215 1 53 0.000836958 1.16942
215 0 22 0.00156679 0.711402
215 3 95 0.000969258 1.6414
215 0 82 0.00143288 1.24532
215 0 12 0.00187463 1.68786
215 4 10 0.000764422 2.26365
215 1 53 0.000632628 1.13848
216 3 29 0.000877372 1.4931
216 0 83 0.00263465 1.71939
216 1 54 0.000790463 1.84736
216 1 66 0.00199137 1.03392
216 3 45 0.00111045 1.559
216 3 26 0.000393148 2.30369
216 1 98 0.000654057 1.14898
216 4 3 0.000928838 3.28337
216 0 6 0.00101632 2.14729
216 4 48 0.000580406 1.38608
217 2 59 0.00102147 1.22267
217 4 70 0.00131528 1.62204
217 4 15 0.000583674 0.703572
217 3 39 0.000543241 1.77761
217 3 65 0.000740648 1.34102
217 1 15 0.00149311 1.81292
217 1 0 0.00122491 2.54193
217 4 42 0.000565453 1.44894
217 1 24 0.000976517 1.71187
217 2 41 0.000850183 1.79523
218 2 37 0.00101537 1.18856
218 0 31 0.000839636 1.16441
218 2 51 0.000714997 2.65566
218 2 28 0.000718226 1.39604
218 4 94 0.00070535 0.760063
218 0 8 0.00164977 0.910006
218 3 88 0.000477271 1.26341
218 4 11 0.000684721 1.03928
218 1 4 0.00191214 1.50913
218 0 0 0.00206573 1.69994
219 3 81 0.0016314 2.01593
219 2 40 0.00068554 2.76487
219 0 2 0.0020538 0.755022
219 1 37 0.000766593 1.53796
219 1 13 0.000672072 1.12618
219 4 77 0.00155192 2.31415
219 0 37 0.000942835 0.920745
219 0 48 0.00137101 1.67532
219 0 64 0.00077128 1.36883
219 0 65 0.0017679 1.04017
220 4 98 0.000130778 3.09033
220 1 93 0.00112085 1.61504
220 3 86 0.00100487 1.14287
220 3 30 0.000301698 1.94178
220 0 28 0.000452961 1.39013
220 4 24 0.000910453 1.9638
220 3 13 0.000830381 1.2563
220 1 79 0.00181324 1.78924
220 3 68 0.00118255 0.536211
220 4 90 0.00159766 1.72824
221 0 6 0.000825771 2.81199
221 1 26 0.00070928 0.596797
221 0 72 0.000451949 1.52678
221 3 55 0.00163793 1.22886
221 2 45 0.00144907 1.80181
221 2 60 0.000902528 2.69385
221 1 4 0.000670842 1.29921
221 4 34 0.000828645 2.06163
221 3 97 0.00144124 0.5
221 1 47 0.000642649 1.21055
222 4 55 0.00149053 1.08366
222 2 64 0.00125666 0.935354
222 2 77 0.00123922 1.99884
222 3 27 0.00189405 1.39291
222 4 63 0.000765358 0.85833
222 1 62 0.00079607 0.9681
222 3 50 0.000795622 2.04729
222 1 43 0.000740131 1.07958
222 4 68 0.00114004 1.44281
222 4 7 0.000563178 2.82197
223 2 14 0.00118281 1.80886
223 4 68 0.00106381 2.19144
223 4 10 0.000519945 1.01391
223 1 65 0.000383089 1.64265
223 3 58 0.00121632 1.86721
223 4 51 0.000496455 1.84261
223 1 17 0.00194918 1.19792
223 1 62 0.00124197 2.00016
223 1 42 0.000172927 1.76944
223 0 90 0.000801464 1.11145
224 2 56 0.00120952 0.753466
224 0 70 0.000981988 2.80222
224 2 52 0.00119501 1.5229
224 2 39 0.000512713 1.35056
224 4 44 0.000891379 1.30557
224 1 72 0.000854793 1.05477
224 0 12 0.0013533 1.63886
224 0 63 0.00074625 1.05851
224 4 41 0.000466578 1.2968
224 2 85 0.000199354 0.704894
225 0 40 0.00161057 1.12947
225 4 47 0.00168149 1.00018
225 4 36 0.000931766 0.760459
225 4 94 0.000874386 1.91339
225 1 86 0.000676046 1.4036
225 2 41 0.000930667 1.66433
225 2 41 0.00042116 0.551489
225 2 59 0.00107122 1.42426
225 0 9 0.00147577 1.43363
225 4 31 0.000613569 0.823577
226 3 54 0.00153977 2.15185
226 3 4 0.00116438 0.94716
226 3 29 0.00161389 1.40357
226 3 68 0.00072935 1.59426
226 2 77 0.00161045 0.688415
226 0 49 0.00094741 1.66269
226 2 55 0.00104771 1.25432
226 3 65 0.000623124 1.34097
226 1 53 0.00136028 1.47797
226 3 24 0.000788811 0.966799
227 4 75 0.00110041 1.48641
227 0 58 0.00095842 1.07119
227 2 89 0.00126449 1.754
227 4 92 0.000252964 1.72018
227 1 95 0.00183385 0.978667
227 1 28 0.00132058 1.18718
227 0 0 0.00103875 2.13564
227 2 97 0.000512741 1.2767
227 1 50 0.00113668 2.41538
227 0 1 0.00130786 1.6153
228 4 27 0.000943809 1.6481
228 2 62 9.46963e-05 1.5945
228 2 8 0.0011751 1.4482
228 4 33 0.00115664 1.80815
228 3 41 0.000981538 2.16908
228 2 83 0.000829444 1.29398
228 3 90 0.00140866 0.5
228 3 37 0.000948851 1.19774
228 3 2 0.00115064 1.74026
228 0 61 0.000278092 1.21196
229 1 57 0.00113139 2.01902
229 4 10 0.00119376 2.49436
229 1 13 0.00107353 2.13402
229 3 94 0.0015125 0.5
229 3 96 0.00128979 1.90414
229 2 70 0.00169321 1.53965
229 2 91 0.00127891 1.25568
229 1 99 0.00165322 1.67937
229 3 28 0.000600851 1.23037
229 4 46 0.000152657 1.75618
230 1 84 0.000868901 0.765954
230 2 76 0.000672814 1.69449
230 3 6 0.00129981 1.81584
230 3 4 0.000513836 2.75246
230 2 63 0.00151342 0.793507
230 0 32 0.00142843 1.65949
230 4 90 0.00151097 1.49936
230 2 91 0 1.94319
230 0 13 0.00108056 2.02322
230 1 45 0.000686658 0.991833
231 4 89 0.000532682 1.54664
231 4 89 0.000448125 0.774404
231 1 44 0.00138729 1.93595
231 4 80 0.000570984 0.777489
231 0 13 0.000428475 1.41831
231 2 55 0.000983205 0.715667
231 3 62 0.000250449 1.61737
231 3 24 0.000731014 0.608465
231 4 21 0.00109697 0.5
231 2 66 0.00162675 1.288
232 4 70 0.00179624 2.27104
232 0 44 0.00123777 2.48002
232 4 7 0.0011799 0.741064
232 2 22 0.00171297 1.97731
232 3 50 0.00084393 0.792044
232 4 99 0.00107302 2.23793
232 2 42 0.000519901 1.42841
232 1 29 0.00082429 2.56266
232 3 82 0.000842632 1.76392
232 3 20 0.000355638 0.792901
233 4 66 0.000911853 1.47118
233 3 67 0.000962095 1.25711
233 1 18 0.00103339 0.5
233 1 60 0.0010457 0.840668
233 1 79 0.000838015 2.40765
233 4 79 0.00146438 1.59467
233 4 75 0.00126933 1.39538
233 4 0 0 1.56454
233 2 13 0.000975167 1.73248
233 0 56 0.00113309 1.33331
234 3 18 0.00172077 1.75634
234 4 78 0.00101945 0.5
234 4 38 0.00113308 2.47812
234 3 23 0.00192232 1.26333
234 4 71 0.00054819 1.52228
234 4 4 0.00117683 1.47745
234 3 41 0.00130652 0.63834
234 4 57 0.000926223 2.69071
234 3 19 0.00202042 2.10666
234 1 71 0.00111416 1.62424
235 1 2 0.00197301 2.34024
235 3 2 0.000881636 1.182
235 2 65 0.000998692 1.37606
235 0 62 0.00051125 2.44625
235 4 77 0.000949659 1.18885
235 2 54 0.00119384 1.2109
235 0 29 0.000816602 1.29384
235 3 54 0.00217802 1.41975
235 0 92 0.000527466 1.43185
235 2 88 0.00084136 1.53095
236 0 78 0.000768165 1.06843
236 4 60 0.000818888 2.1614
236 2 18 0.00102105 2.13802
236 3 34 0.000631642 1.82814
236 4 12 0.000714981 0.549953
236 0 90 0.00107856 1.73992
236 3 40 0.00108254 0.849888
236 3 15 0.00106571 0.991635
236 1 40 0.000336831 1.50816
236 3 25 0.00157116 2.60817
237 4 93 0.0013881 0.754538
237 2 5 0.000358007 1.75736
237 0 4 0.00119457 0.5
237 0 12 0.00166655 2.0434
237 3 20 0.00124848 0.966259
237 3 28 0.00101905 1.28758
237 2 1 0.000603965 2.04478
237 2 90 0.000721 1.56974
237 1 10 0.000700956 1.88585
237 3 19 0.00127973 1.48484
238 0 32 0.00130914 1.4907
238 3 82 0.00142129 1.11002
238 0 22 0.000853509 2.81137
238 0 27 0.00109456 2.5552
238 4 79 0.000996161 2.11863
238 2 60 0.00183409 1.62651
238 1 50 0.00115534 1.40195
238 3 86 0.00105289 0.5
238 3 97 0.00180255 1.60133
238 1 98 0.00133999 1.08805
239 1 53 0.0014664 2.17479
239 1 39 0.00118 1.41208
239 4 82 0.00108699 1.7018
239 2 17 0.00110087 0.5
239 3 68 0.000761669 1.30444
239 2 40 0.00156712 1.70666
239 1 50 0.000953082 2.32195
239 3 60 0.000527604 1.44555
239 1 41 0.00144747 2.53186
239 0 71 0.00167143 2.19282
240 1 27 0.000461718 0.860669
240 3 12 0.000374929 0.846301
240 1 19 0.000542812 1.86314
240 0 39 0.000672646 1.35818
240 1 59 0.00119053 1.57046
240 1 32 0.00155096 1.7619
240 4 78 0.00142454 1.90684
240 1 44 0.00157148 1.57276
240 0 40 0.00116537 1.06423
240 0 43 0.00123444 1.49306
241 2 42 0.00195686 1.68379
241 3 95 0.0011892 2.12567
241 2 44 0.000614961 0.843716
241 0 62 0.00122799 0.710626
241 0 30 0.00157718 1.81146
241 4 13 0.00118548 1.42613
241 3 23 0.00109159 2.16325
241 4 45 0.000575277 1.66217
241 3 50 6.5223e-05 2.23172
241 2 21 0.000923303 2.00673
242 1 11 0.000346411 1.63904
242 3 5 0.000568445 2.27393
242 4 63 0.00107609 0.5
242 0 9 0.00142257 1.56052
242 1 74 0.00175926 1.39663
242 1 15 0.000653555 2.48607
242 4 40 0.0017577 1.59495
242 0 43 0.000777365 1.9126
242 3 77 0 1.76377
242 2 14 0.00198406 2.19481
243 4 26 0.00116434 1.291
243 3 39 0.00121952 1.72415
243 1 83 0.00158956 1.80984
243 4 7 0.00145195 1.99563
243 0 85 0.000302919 1.59693
243 4 28 0.00178035 1.85677
243 4 97 0.00199586 1.02784
243 2 15 0.000560728 0.5
243 4 62 0.0010649 0.843724
243 4 62 0.00200158 1.42366
244 0 87 0.000938651 1.51358
244 0 5 0.00111207 1.42042
244 3 36 0.00137619 1.58668
244 4 78 0.00144766 1.46345
244 0 16 0.0014092 2.32364
244 0 45 0.000461134 0.949055
244 0 88 0.000935932 1.92987
244 4 83 0.00140649 1.28834
244 0 74 0.000938497 1.18578
244 3 82 0.000958714 1.17067
245 4 1 0.0012615 1.98666
245 1 49 0.000192179 2.4618
245 4 61 0.00103383 1.35806
245 0 24 0.00128229 0.913466
245 1 21 0.0010965 1.69784
245 0 87 0.0010237 1.49128
245 1 40 0.00101617 1.06359
245 4 15 0.00059571 2.78401
245 0 82 0.000674112 1.74996
245 3 40 0.000866065 1.63818
246 1 32 0.00189502 1.81388
246 1 93 0.00073449 1.4843
246 0 48 5.87336e-05 1.59614
246 2 67 0.000927297 0.984938
246 0 5 0.00105226 1.8924
246 3 68 0.000622829 1.02094
246 2 33 0.000767416 0.616632
246 3 26 0.000629045 1.09042
246 2 6 0.00128799 1.07
246 0 85 0.00149087 1.86164
247 0 44 0.000468571 2.33764
247 3 70 0.00114797 1.28895
247 1 57 0.00066454 1.45488
247 4 96 0.000868564 1.71558
247 3 39 0.00190939 1.15937
247 3 49 0.00174004 1.77287
247 2 99 0.000629134 0.617518
247 1 48 0.000830313 2.15849
247 4 5 0.00138711 0.990167
247 4 37 0.00148044 1.54359
248 2 82 0.00182616 1.5527
248 1 77 0.00230089 2.26656
248 0 70 0.000692589 1.99844
248 3 33 0.00142772 1.3739
248 2 55 0.000761027 0.875305
248 3 50 0.00137743 1.36004
248 1 22 0.00114539 1.06695
248 0 39 0.000336504 1.76596
248 0 36 0.00116121 0.871966
248 0 46 0.000603048 1.0583
249 0 30 0.00018906 1.02033
249 2 57 0.000979143 0.905999
249 0 94 0.00114976 1.06891
249 0 65 0.000723139 0.609678
249 1 8 0.00106691 1.41529
249 2 38 0.000669325 1.8069
249 2 98 0.0011706 2.14945
249 4 56 0.00113002 2.41609
249 0 60 0.0011089 0.730681
249 2 62 5.86387e-05 2.04313
250 2 37 0.00123532 1.93348
250 2 47 2.38627e-05 1.10091
250 3 11 0.000591687 1.34052
250 3 74 0.00153601 2.32691
250 4 35 0.000790717 0.993858
250 4 76 9.92941e-06 0.880916
250 1 86 0.00235826 1.11236
250 3 51 0.00131968 1.96129
250 2 3 0.000937646 2.42802
250 1 99 0.000597243 1.15541
251 4 44 0.000986674 1.28581
251 2 11 0.00106643 0.83166
251 4 5 0.00176059 1.50315
251 1 80 0.000881247 0.803153
251 0 51 0.000884459 0.643954
251 2 27 0.00109246 1.46093
251 3 95 0.00136095 1.87276
251 0 19 0.00123101 1.43026
251 2 65 0.000850216 0.94744
251 0 51 0.00102669 1.73331
252 4 15 0.0013281 1.96222
252 0 66 0.000567307 1.89333
252 2 42 0.00142261 0.894582
252 3 62 0.000782045 1.4411
252 1 37 0.000442206 2.09751
252 3 84 0.000314724 1.5525
252 4 5 0.000822999 1.32042
252 1 5 0 1.29031
252 1 85 0.000840364 0.809737
252 3 23 0.000750787 1.43136
253 1 17 0.000464842 1.97933
253 0 14 0.000480231 2.57665
253 4 82 0.000795017 2.39454
253 0 97 0.00111396 0.959362
253 1 51 0.00157598 1.64491
253 3 27 0.00122986 2.79806
253 4 23 0.0011331 1.00945
253 1 8 0.00176405 0.5
253 4 73 0.000775702 0.996753
253 4 56 0.00111383 1.53305
254 2 98 0.000868043 2.06684
254 3 58 0.000806199 1.61919
254 2 71 0.000211304 1.67892
254 0 14 0.00167413 1.07343
254 0 39 0 2.06285
254 1 38 0.000279491 1.5319
254 4 30 0.000487053 1.54133
254 2 29 0.00115782 0.856899
254 2 50 0.00212517 1.4966
254 2 68 0.00180524 1.67759
255 0 63 0.000617959 1.65476
255 0 32 0.00186716 1.10288
255 4 5 0.00115177 1.33513
255 3 45 0.00107589 2.07515
255 1 28 0.000825378 1.92581
255 3 19 0.000852994 1.69292
255 2 92 0.00107957 1.10677
255 4 28 0.00123358 2.60386
255 0 46 0.00102658 1.62705
255 3 93 0.00190082 0.677755
256 0 79 0.00120592 1.25303
256 1 17 0.0012898 1.83917
256 3 16 0.000136717 0.5
256 2 91 0.0016791 1.34776
256 0 67 0.00103645 1.57968
256 4 63 0.00141373 1.63376
256 1 46 0.00115909 1.74131
256 1 61 0.000314079 0.509711
256 0 27 0.00163108 0.943688
256 3 0 0.000414432 1.52839
257 2 12 0.00165159 1.85902
257 2 23 0.000720768 0.673741
257 0 5 0 2.54408
257 1 61 0 1.28104
257 4 97 0.00146744 1.73954
257 3 4 0.00162329 2.24212
257 1 77 0.00164471 1.17137
257 4 20 0.000832159 1.4056
257 1 10 0.00145935 1.91363
257 2 87 0.00112606 1.3368
258 3 74 0.000821617 0.5
258 4 29 0 2.1054
258 1 37 0.00090501 1.91924
258 1 72 0.00154492 1.32769
258 1 53 0.000586181 1.40232
258 0 8 0.00190525 2.55641
258 2 65 0.000789351 1.64158
258 2 17 0 2.78304
258 2 28 0.00151788 0.587995
258 0 97 0.00101713 1.39078
259 1 98 0.00124607 2.32469
259 4 53 0.000951775 1.50753
259 0 92 0.000551985 1.47213
259 4 39 0.00245616 1.05919
259 0 88 0.00185893 1.50707
259 3 88 0.000962839 0.630756
259 3 65 0.00109964 1.52905
259 0 30 0.000647229 1.3377
259 0 23 0.00117737 2.44591
259 4 96 0.00142022 0.725802
260 2 49 0.00144013 1.34173
260 3 33 0.000162347 3.09674
260 3 8 0.000873558 1.60283
260 1 53 0.00114654 1.7371
260 2 3 0.00121734 1.68014
260 3 83 0.0013876 2.04733
260 1 43 0.000212009 1.86157
260 0 83 0.000413142 1.01321
260 1 78 0.000263471 2.22411
260 3 17 0.00123401 2.29078
261 4 67 0.000945781 1.61244
261 1 84 0.000537704 1.63059
261 4 35 0.00070641 1.1378
261 2 5 0.00181245 1.86226
261 3 31 0.000882511 1.77566
261 3 64 0.00159977 0.728524
261 4 52 0.00175076 0.967178
261 3 49 0.000388226 1.91999
261 4 82 0.000802466 1.70459
261 3 9 0.000782797 1.12005
262 4 15 0.00184757 1.53218
262 2 54 0.00194667 1.29932
262 0 8 0.00153866 1.19303
262 0 12 0.0016051 1.28151
262 3 90 5.27005e-05 1.0968
262 3 92 0.000912314 0.904151
262 4 11 0.00106591 1.54341
262 4 75 0.0005756 2.38794
262 2 23 0.00115407 0.919811
262 4 48 0.00102507 1.49822
263 2 52 0.000825961 1.47491
263 2 67 0.00133642 1.57593
263 4 95 0.00119263 1.28263
263 0 77 0.00118038 2.22088
263 3 83 0.00114081 0.957603
263 3 94 0.001049 1.99855
263 2 86 0.00068967 1.93195
263 1 5 0.000598303 0.821068
263 0 50 0.00170742 0.918744
263 1 8 0.00169981 1.64271
264 1 56 0.000520106 1.9358
264 2 66 0.00160822 2.11503
264 4 12 0.00143649 1.77245
264 1 92 0.00155972 1.57251
264 1 44 0.000750201 1.25579
264 4 72 0.00111356 1.15759
264 4 45 0.00165632 0.5
264 2 19 0.00191828 1.59908
264 4 72 0.00117299 0.969059
264 0 78 0.000665003 1.25414
265 3 38 0.000498344 2.71386
265 4 13 0.000294156 0.505921
265 0 23 0.00123463 1.4644
265 0 78 0.000352465 1.66659
265 0 83 0.000945561 0.853002
265 1 94 0.00110217 1.5367
265 2 98 0.000712876 0.649175
265 0 16 0.000409475 2.13929
265 1 82 0.00115285 2.26224
265 0 42 0.00124695 1.26033
266 4 84 0.00209952 2.52444
266 1 46 0.00153045 0.814852
266 3 1 0.00100975 1.0451
266 0 27 0.000360866 0.880828
266 0 60 0.00132446 1.99005
266 4 8 0.000597208 0.863554
266 0 24 0.000289588 1.87548
266 3 32 0.00123047 0.930346
266 3 50 0.000780812 1.51158
266 4 52 0.00179339 2.00628
267 2 30 0.00131 0.973397
267 0 91 0.000724164 1.20983
267 2 42 0.00126106 2.05187
267 4 3 0.000890783 0.958298
267 4 26 0.00107075 1.60546
267 4 39 0.000916226 1.02241
267 4 92 0.000859208 1.32086
267 0 69 7.61654e-05 1.6395
267 4 0 0 1.67241
267 1 52 0.000210061 0.952662
268 2 30 0.00109224 3.04515
268 2 44 0.000731692 2.60521
268 1 40 0.00193098 1.66228
268 1 11 0.00058681 0.950087
268 1 63 0.000941144 0.70565
268 0 19 0.000641324 1.5218
268 2 46 0.000709528 0.5
268 0 97 0.000808324 1.09613
268 1 18 0.000586373 1.61439
268 0 52 0.000773076 1.80166
269 1 66 0.0011597 0.935615
269 0 14 0.00116511 2.04154
269 4 92 0.00211464 0.5
269 1 81 0.00186421 0.846679
269 2 58 0.000519206 2.38917
269 3 99 0.00153127 0.573483
269 3 86 0.00138248 1.56676
269 1 79 0.00116229 1.25334
269 4 68 0.000636456 2.08949
269 4 90 0.00169782 0.686069
270 4 59 0.00104063 1.0315
270 4 86 0.000583626 0.847312
270 3 20 0.000213074 1.22178
270 1 60 0.00151 0.596015
270 4 38 0.00122837 1.84727
270 1 14 0.00103731 1.97069
270 1 3 0.00118852 3.02441
270 1 82 0.0012562 1.62934
270 1 12 3.7348e-05 1.50953
270 1 75 0.000197839 0.5
271 4 69 0.00127648 2.14359
271 3 36 0.000235058 1.57687
271 3 29 0.00234611 1.51012
271 1 96 0.00112843 1.27182
271 1 28 0.000468643 1.43927
271 2 43 0.00113847 1.23998
271 2 26 0.000524868 1.93853
271 3 18 0.00027291 1.38786
271 2 7 0.000692332 1.59293
271 4 26 0.000790612 2.2192
272 0 98 0.00123353 1.38198
272 3 93 0.00106436 1.95711
272 0 73 0.00076441 1.81825
272 3 60 0.0013417 1.68045
272 3 51 0.00116233 1.0157
272 0 2 0.000866613 1.80182
272 0 68 0.00101273 2.1556
272 1 49 0.000841295 1.56585
272 4 37 0.00176155 1.65763
272 4 65 0.00108995 2.54674
273 2 13 0.00153174 1.35777
273 3 73 0.00175453 1.01607
273 2 58 0.00117855 0.745728
273 4 57 0.000913001 0.705448
273 3 7 0.00121927 1.86993
273 2 70 0.00172558 2.38688
273 3 57 0.00140036 0.91264
273 1 10 0.000524362 1.36272
273 4 47 0.0013646 2.10315
273 3 63 0.00073546 2.07464
274 0 5 0.000920358 2.14902
274 3 40 0.00153804 0.977999
274 2 69 0.00078392 1.51309
274 4 49 0.000785983 0.921912
274 1 5 0.000120862 1.76575
274 1 16 0.000414739 1.64256
274 0 17 0.00148134 1.80943
274 1 87 0.000915516 1.21373
274 2 15 0.000931164 1.39739
274 4 63 0.00142831 1.96242
275 2 9 0.000372288 1.10886
275 0 49 0.000492466 2.17815
275 0 95 0.000864691 1.44722
275 2 30 0.000788641 0.715726
275 1 37 0.00120614 1.52368
275 0 80 0.000598878 1.9757
275 1 0 0.00119038 1.79255
275 4 2 0.000763023 1.59924
275 0 11 0.000773614 2.06781
275 1 78 0.00099579 1.79075
276 0 80 0.00102642 1.9563
276 2 64 0.000955156 1.08557
276 4 67 0.00125304 1.80228
276 4 94 0.00166893 1.2942
276 4 82 0.000684274 0.547428
276 2 43 0.00133187 1.57538
276 2 3 0.00123428 1.57172
276 0 69 0.000707489 1.64665
276 1 57 0.000567902 1.23983
276 2 50 0.000660443 2.15673
277 3 78 0.0014228 2.22382
277 1 93 0.00112821 2.61862
277 2 93 0.000700834 1.58475
277 0 91 0.000517226 0.5
277 1 69 0.00124996 1.27118
277 1 64 0.000821382 1.55929
277 2 27 0.000977563 0.5
277 4 96 0.00135651 0.9994
277 0 55 0.00111091 1.52982
277 3 21 0.000750481 2.66257
278 4 54 0.000165505 1.65522
278 1 34 0.00112459 1.28102
278 3 13 0.00236386 2.30886
278 0 81 0.000722529 2.59711
278 4 23 0.00133801 2.52006
278 2 91 0.00140191 0.585992
278 3 70 0.000827324 1.47786
278 3 70 0.000756151 1.86365
278 3 90 0.00148864 1.91224
278 3 57 0.00164007 1.58041
279 4 50 0.000744964 1.64911
279 2 11 0.00183732 2.40459
279 2 14 0.00176372 1.81722
279 2 79 0.000736592 1.57431
279 0 75 0.000984789 2.02677
279 1 25 0.000621985 0.703354
279 3 50 0.00100963 1.17095
279 1 57 0.00129448 3.36582
279 3 4 0.000554404 0.924501
279 3 21 0.00121128 2.08802
280 1 59 0.00052428 1.49082
280 4 67 0.00138096 1.78376
280 2 66 0.000852362 2.28014
280 4 82 3.87764e-05 1.00424
280 4 98 0.000664311 1.4737
280 2 2 0.00100803 1.85211
280 3 49 0.000891107 2.30364
280 3 98 0.000895597 0.5
280 4 4 0.00171094 1.50443
280 0 33 0.000433022 1.84682
281 4 88 0.000376717 1.18325
281 2 43 0.00152759 0.500911
281 0 58 0.00119061 1.20138
281 4 25 0.000665756 1.34477
281 1 89 0.00126555 1.23235
281 4 82 0.00163224 1.90187
281 2 68 0.000904035 3.11927
281 1 62 0.000724097 3.19861
281 0 65 0 1.9913
281 4 60 0.000872158 0.512148
282 2 63 0.00135083 1.5728
282 4 13 0.000842511 0.5
282 3 79 0.00218117 1.3332
282 3 45 0.000793455 1.30378
282 3 56 0.000660603 2.64819
282 2 16 0 1.34246
282 2 31 0.000949539 1.67994
282 1 77 0.000470474 0.999336
282 1 27 0.000640508 1.64455
282 4 5 0.00101525 1.16986
283 2 88 0.000275656 2.1683
283 2 88 0.00170102 1.72539
283 2 91 0.00185761 1.94381
283 4 70 0.00129985 0.621609
283 4 50 0.000985659 1.54
283 4 6 0.00143163 2.36441
283 2 89 0.00103643 1.20171
283 4 60 0.00180571 1.05378
283 3 88 0.0010706 0.5
283 0 30 0.000907075 1.9769
284 3 43 0.0012147 1.83873
284 3 67 0.00182621 1.54873
284 3 81 0.00150278 0.956321
284 0 55 0.00105677 0.725812
284 1 73 0.000971684 1.25207
284 3 63 0.000404341 2.08659
284 0 95 0.000423544 1.45071
284 2 2 0.00138713 2.12661
284 0 39 0.000790666 2.25678
284 3 20 0.00153951 1.61425
285 1 27 0.000671774 0.75047
285 4 40 0.00124847 0.5
285 2 3 0.00164694 1.79747
285 2 45 0.000810641 0.535439
285 0 81 0.00175359 2.14354
285 4 33 0.000290743 0.707084
285 2 53 0.00121919 2.47607
285 4 44 0.00122585 1.91998
285 2 80 0.000590656 1.55499
285 2 55 0.00036284 0.725392
286 0 48 0.000607233 1.10301
286 3 24 0.00156068 2.30934
286 2 88 0.000211305 1.43236
286 1 80 0.00120525 0.596318
286 3 51 0.00148652 1.87033
286 0 93 0 1.52217
286 4 11 0.000709555 0.850649
286 2 70 0.00141845 0.5
286 0 6 0.00153035 0.5
286 2 16 0.000647996 2.52943
287 2 95 0.00212738 2.84655
287 4 82 0.000663527 1.68701
287 3 71 0.000760465 1.08085
287 2 75 0.00249007 2.26013
287 2 12 0.00113021 2.12122
287 1 89 0.00109864 1.87636
287 3 28 0.000600808 1.25053
287 2 82 0.0013348 0.633259
287 1 54 0.00030631 1.63426
287 0 46 0.000724187 1.67584
288 0 98 0.00103415 2.00491
288 1 87 7.82205e-05 1.59127
288 4 46 0.00174261 0.972513
288 4 59 0.00100013 1.81091
288 2 75 0.00136376 1.56778
288 4 44 0 0.89157
288 0 96 0.00195544 2.54007
288 0 35 0.00147305 2.50473
288 4 8 0.00121204 1.82909
288 4 85 0.000880439 0.5
289 1 56 0.00166881 2.52618
289 1 6 0.000358237 1.29694
289 3 39 0.00157383 1.15928
289 3 19 0.000752393 0.5
289 2 40 0.000523598 0.5
289 4 45 0.00152082 1.93282
289 2 31 0.00114304 0.823002
289 1 52 0.000251767 1.39539
289 1 38 0.00143102 1.36298
289 1 73 0.00121349 1.83845
290 0 90 0.00111113 0.866395
290 1 37 0.000564673 1.99392
290 3 15 0.00148328 2.14144
290 2 24 0.000637191 2.08933
290 2 80 0.000513845 1.80946
290 2 91 0.00113991 2.30717
290 4 20 0.00103888 1.63435
290 1 31 0.000856979 1.84305
290 4 88 0.000647087 2.12604
290 4 54 0.00115695 0.700329
291 2 45 0.000708607 2.05632
291 3 65 0.00103225 2.0615
291 1 49 0.000713157 0.797786
291 4 49 0.00104773 1.28001
291 1 40 0 1.6094
291 1 24 0.000543553 1.12763
291 1 8 0.00143758 0.727734
291 3 76 0.000222102 1.21104
291 2 57 0.000887133 0.836153
291 0 64 0.000999265 1.97623
292 3 38 0.000502517 0.770938
292 3 16 0.000692665 1.58942
292 0 83 0.000916239 0.534446
292 3 20 0.00139583 2.09599
292 0 52 0.0014698 1.49223
292 0 16 0.000987117 1.16873
292 1 57 0.000792616 2.54783
292 1 36 0.000445873 1.43982
292 3 81 0.000924756 2.02904
292 3 67 0.000351468 1.40233
293 1 87 0.000480124 2.41316
293 2 37 0.00130281 0.953457
293 3 71 0.00112928 1.07281
293 1 41 0.00143171 1.10419
293 1 80 0.00134386 1.21311
293 4 69 0.00100696 1.71248
293 0 40 0.000707044 1.82102
293 4 24 0.00100898 1.99591
293 1 24 0.00121976 0.5
293 1 43 0.00113953 2.23209
294 0 55 0.00143767 1.46222
294 3 12 0.0014449 1.05843
294 1 11 0.00234769 0.501824
294 2 46 0.00138501 1.72914
294 1 8 0.00169459 1.48983
294 4 67 0.00102413 0.993588
294 1 36 0.000500462 2.1235
294 3 12 0.000196961 1.24348
294 1 67 0.00070786 0.5
294 4 38 0.000861556 2.42457
295 1 20 0.000275288 2.18701
295 0 50 0 0.5
295 3 37 0.00111638 1.06527
295 4 16 0.000448976 1.7674
295 2 27 0.000842074 2.03885
295 4 33 0.000427823 2.17204
295 4 9 0 1.42636
295 2 51 0.000572044 0.900861
295 3 16 0.00101093 1.86723
295 3 95 0.00132759 0.5
296 4 34 0.00113289 1.46836
296 0 20 0.00166666 1.62564
296 3 88 0.000861929 2.47517
296 1 57 0.000901701 1.20255
296 0 44 0.000165534 2.04447
296 3 33 0.00199088 0.536774
296 4 21 0.000998961 2.57575
296 4 46 0.00156928 1.24509
296 1 2 0.000404137 0.538041
296 4 8 0.00184002 1.65651
297 2 63 0.000959032 1.92316
297 0 63 0.00180133 1.5785
297 2 83 8.44386e-05 0.767818
297 3 58 0.00051414 0.894465
297 2 97 0.000656719 1.72765
297 3 79 0.000556689 1.57681
297 1 31 0.00119955 2.34171
297 1 1 0.00176039 0.5
297 1 27 0.00137169 0.741641
297 1 55 0.000656422 1.23709
298 2 54 0.00110604 2.57653
298 3 83 0.00128744 2.46292
298 4 74 0.000629454 0.5
298 0 68 0.00132423 1.04866
298 1 23 0.00104573 1.02962
298 3 74 0.000394799 1.54868
298 0 80 0.000232039 0.773597
298 1 51 0.00114977 1.64407
298 1 53 0.000849705 1.64641
298 1 41 0.000838461 0.806012
299 3 22 0.000922906 1.36289
299 4 49 0.000486171 1.44615
299 0 30 0.00103456 1.97255
299 3 25 0.000585017 1.95912
299 1 33 0.000920921 0.737012
299 3 0 0.00170764 2.23949
299 3 36 0.000803353 2.48205
299 4 52 0.0012316 1.38912
299 0 60 0.00127057 0.508629
299 4 64 0.000206496 0.592522
